Time - Voltage	Amplitude - Voltage	
4	34.7	-1.753
4	34.7	-2.205
4	34.7	-2.041
4	34.7	-2.114
4	34.7	-2.1
4	34.7	-2.009
4	34.8	-2.158
4	34.8	-2.075
4	34.8	-2.28
4	34.8	-1.868
4	34.8	-2.361
4	34.8	-2.244
4	34.8	-2.344
4	34.8	-2.014
4	34.8	-1.956
4	34.8	-2.017
4	34.8	-2.48
4	34.9	-2.234
4	34.9	-1.721
4	34.9	-2.119
4	34.9	-2.156
4	34.9	-2.676
4	34.9	-2.366
4	34.9	-2.209
4	34.9	-2.117
4	34.9	-2.427
4	34.9	-2.593
4	34.9	-2.664
4	35	-2.363
4	35	-1.98
4	35	-2.515
4	35	-2.388
4	35	-2.512
4	35	-2.056
4	35	-2.187
4	35	-2.854
4	35	-3.184
4	35	-2.664
4	35	-2.19
4	35.1	-2.92
4	35.1	-3.252
4	35.1	-3.293
4	35.1	-2.402
4	35.1	-2.234
4	35.1	-2.698
4	35.1	-3.167
4	35.1	-2.717
4	35.1	-2.488
4	35.1	-2.241
4	35.1	-2.356
4	35.2	-2.847
4	35.2	-3.076
4	35.2	-2.82
4	35.2	-2.026
4	35.2	-2.393
4	35.2	-2.856
4	35.2	-2.507
4	35.2	-2.354
4	35.2	-2.739
4	35.2	-2.573
4	35.2	-3.245
4	35.3	-3.311
4	35.3	-3.076
4	35.3	-2.505
4	35.3	-2.839
4	35.3	-3.191
4	35.3	-2.546
4	35.3	-2.278
4	35.3	-2.48
4	35.3	-2.944
4	35.3	-3.008
4	35.3	-3.025
4	35.4	-2.598
4	35.4	-2.683
4	35.4	-3.052
4	35.4	-3.269
4	35.4	-3.318
4	35.4	-2.861
4	35.4	-3.042
4	35.4	-2.986
4	35.4	-3.103
4	35.4	-3.013
4	35.4	-2.856
4	35.5	-2.415
4	35.5	-2.759
4	35.5	-2.947
4	35.5	-3.362
4	35.5	-3.274
4	35.5	-2.214
4	35.5	-2.549
4	35.5	-2.903
4	35.5	-3.281
4	35.5	-2.671
4	35.5	-2.429
4	35.6	-3.074
4	35.6	-3.638
4	35.6	-2.812
4	35.6	-2.695
4	35.6	-2.876
4	35.6	-2.927
4	35.6	-3.022
4	35.6	-2.866
4	35.6	-2.668
4	35.6	-2.129
4	35.7	-2.446
4	35.7	-2.747
4	35.7	-2.717
4	35.7	-2.405
4	35.7	-2.524
4	35.7	-3.245
4	35.7	-3.411
4	35.7	-3.069
4	35.7	-2.712
4	35.7	-2.695
4	35.7	-3.103
4	35.8	-3.425
4	35.8	-2.839
4	35.8	-2.937
4	35.8	-2.893
4	35.8	-3.069
4	35.8	-3.313
4	35.8	-2.637
4	35.8	-2.251
4	35.8	-2.808
4	35.8	-3.145
4	35.8	-3.01
4	35.9	-3.018
4	35.9	-2.449
4	35.9	-2.937
4	35.9	-3.384
4	35.9	-3.335
4	35.9	-2.878
4	35.9	-3.037
4	35.9	-2.771
4	35.9	-3.04
4	35.9	-3.198
4	35.9	-2.566
4	36	-2.532
4	36	-2.634
4	36	-2.603
4	36	-2.859
4	36	-2.217
4	36	-2.083
4	36	-2.898
4	36	-2.683
4	36	-2.598
4	36	-2.717
4	36	-2.361
4	36.1	-2.549
4	36.1	-2.893
4	36.1	-2.891
4	36.1	-2.612
4	36.1	-2.385
4	36.1	-2.28
4	36.1	-3
4	36.1	-2.832
4	36.1	-1.919
4	36.1	-2.278
4	36.2	-2.891
4	36.2	-2.854
4	36.2	-2.83
4	36.2	-2.256
4	36.2	-2.532
4	36.2	-2.605
4	36.2	-2.827
4	36.2	-3.113
4	36.2	-2.434
4	36.2	-2.085
4	36.2	-2.478
4	36.3	-2.695
4	36.3	-2.7
4	36.3	-1.992
4	36.3	-2.139
4	36.3	-2.625
4	36.3	-2.605
4	36.3	-2.454
4	36.3	-2.383
4	36.3	-1.943
4	36.3	-2.019
4	36.3	-2.712
4	36.3	-2.466
4	36.4	-2.097
4	36.4	-1.904
4	36.4	-2.065
4	36.4	-2.656
4	36.4	-2.307
4	36.4	-1.653
4	36.4	-2.009
4	36.4	-2.563
4	36.4	-2.219
4	36.4	-2.112
4	36.4	-1.66
4	36.5	-1.814
4	36.5	-2.012
4	36.5	-2.134
4	36.5	-2.122
4	36.5	-1.963
4	36.5	-1.868
4	36.5	-1.836
4	36.5	-2.317
4	36.5	-1.873
4	36.5	-1.775
4	36.6	-2.085
4	36.6	-1.985
4	36.6	-2.024
4	36.6	-2.214
4	36.6	-1.655
4	36.6	-1.316
4	36.6	-1.895
4	36.6	-2.383
4	36.6	-1.931
4	36.6	-1.426
4	36.6	-1.477
4	36.7	-2.214
4	36.7	-2.004
4	36.7	-1.304
4	36.7	-1.272
4	36.7	-1.521
4	36.7	-1.753
4	36.7	-1.523
4	36.7	-1.108
4	36.7	-1.606
4	36.7	-1.707
4	36.7	-1.685
4	36.8	-1.733
4	36.8	-1.36
4	36.8	-0.894
4	36.8	-1.125
4	36.8	-1.558
4	36.8	-1.331
4	36.8	-1.06
4	36.8	-0.933
4	36.8	-1.167
4	36.8	-1.543
4	36.8	-1.069
4	36.9	-1.03
4	36.9	-1.255
4	36.9	-1.301
4	36.9	-1.194
4	36.9	-1.208
4	36.9	-1.052
4	36.9	-1.077
4	36.9	-0.979
4	36.9	-1.416
4	36.9	-1.396
4	36.9	-0.881
4	37	-0.93
4	37	-1.248
4	37	-1.174
4	37	-1.096
4	37	-0.901
4	37	-0.984
4	37	-1.316
4	37	-1.318
4	37	-1.36
4	37	-1.135
4	37	-0.837
4	37.1	-1.365
4	37.1	-1.536
4	37.1	-1.328
4	37.1	-0.974
4	37.1	-1.145
4	37.1	-1.536
4	37.1	-1.665
4	37.1	-0.977
4	37.1	-1.033
4	37.1	-1.167
4	37.2	-1.125
4	37.2	-1.58
4	37.2	-1.25
4	37.2	-0.913
4	37.2	-0.833
4	37.2	-1.545
4	37.2	-1.487
4	37.2	-1.167
4	37.2	-1.057
4	37.2	-1.011
4	37.2	-1.401
4	37.3	-1.667
4	37.3	-1.499
4	37.3	-1.414
4	37.3	-1.543
4	37.3	-1.328
4	37.3	-1.892
4	37.3	-1.67
4	37.3	-1.208
4	37.3	-1.379
4	37.3	-2.476
4	37.3	-2.515
4	37.4	-1.816
4	37.4	-1.677
4	37.4	-2.703
4	37.4	-3.35
4	37.4	-3.203
4	37.4	-3.132
4	37.4	-3.435
4	37.4	-3.757
4	37.4	-4.048
4	37.4	-4.187
4	37.4	-4.133
4	37.4	-4.08
4	37.5	-4.211
4	37.5	-4.148
4	37.5	-4.172
4	37.5	-4.199
4	37.5	-4.194
4	37.5	-4.185
4	37.5	-4.07
4	37.5	-4.124
4	37.5	-4.058
4	37.5	-4.121
4	37.5	-3.918
4	37.6	-3.977
4	37.6	-4.001
4	37.6	-3.97
4	37.6	-4.075
4	37.6	-4.092
4	37.6	-3.999
4	37.6	-3.721
4	37.6	-3.848
4	37.6	-3.999
4	37.6	-4.128
4	37.6	-4.009
4	37.7	-3.972
4	37.7	-3.767
4	37.7	-3.972
4	37.7	-4.15
4	37.7	-3.977
4	37.7	-3.625
4	37.7	-3.76
4	37.7	-4.023
4	37.7	-4.102
4	37.7	-3.911
4	37.8	-3.511
4	37.8	-3.782
4	37.8	-4.05
4	37.8	-3.882
4	37.8	-3.977
4	37.8	-3.73
4	37.8	-3.616
4	37.8	-3.616
4	37.8	-3.811
4	37.8	-3.745
4	37.8	-3.435
4	37.9	-3.628
4	37.9	-3.667
4	37.9	-3.616
4	37.9	-2.983
4	37.9	-3.154
4	37.9	-3.142
4	37.9	-3.496
4	37.9	-3.525
4	37.9	-3.247
4	37.9	-2.568
4	37.9	-2.866
4	38	-3.196
4	38	-3.162
4	38	-2.617
4	38	-2.517
4	38	-3.154
4	38	-3.501
4	38	-2.915
4	38	-2.288
4	38	-2.949
4	38	-2.922
4	38	-2.695
4	38.1	-2.656
4	38.1	-2.72
4	38.1	-2.458
4	38.1	-2.705
4	38.1	-2.424
4	38.1	-3.018
4	38.1	-2.388
4	38.1	-1.904
4	38.1	-2.544
4	38.1	-2.588
4	38.1	-2.412
4	38.2	-1.907
4	38.2	-2.402
4	38.2	-2.324
4	38.2	-2.52
4	38.2	-1.799
4	38.2	-2.134
4	38.2	-2.275
4	38.2	-2.256
4	38.2	-2.534
4	38.2	-1.96
4	38.3	-1.685
4	38.3	-1.182
4	38.3	-2.273
4	38.3	-2.222
4	38.3	-2.07
4	38.3	-1.279
4	38.3	-1.721
4	38.3	-2.275
4	38.3	-1.924
4	38.3	-1.401
4	38.3	-1.458
4	38.4	-1.687
4	38.4	-1.548
4	38.4	-1.782
4	38.4	-1.58
4	38.4	-1.453
4	38.4	-1.235
4	38.4	-2.117
4	38.4	-1.584
4	38.4	-1.216
4	38.4	-1.14
4	38.4	-1.313
4	38.5	-1.658
4	38.5	-1.409
4	38.5	-1.035
4	38.5	-0.994
4	38.5	-1.077
4	38.5	-1.394
4	38.5	-1.936
4	38.5	-1.06
4	38.5	-0.842
4	38.5	-1.25
4	38.5	-1.323
4	38.6	-1.05
4	38.6	-0.759
4	38.6	-0.732
4	38.6	-0.867
4	38.6	-0.947
4	38.6	-0.671
4	38.6	-0.618
4	38.6	-0.601
4	38.6	-0.659
4	38.6	-0.669
4	38.6	-0.686
4	38.7	-0.62
4	38.7	-0.63
4	38.7	-0.601
4	38.7	-0.608
4	38.7	-0.61
4	38.7	-0.61
4	38.7	-0.601
4	38.7	-0.613
4	38.7	-0.625
4	38.7	-0.676
4	38.7	-0.64
4	38.8	-0.737
4	38.8	-0.713
4	38.8	-0.63
4	38.8	-0.627
4	38.8	-0.779
4	38.8	-0.757
4	38.8	-0.615
4	38.8	-0.623
4	38.8	-0.605
4	38.8	-0.706
4	38.8	-0.63
4	38.9	-0.608
4	38.9	-0.601
4	38.9	-0.645
4	38.9	-0.671
4	38.9	-0.654
4	38.9	-0.793
4	38.9	-0.728
4	38.9	-0.862
4	38.9	-1.025
4	38.9	-0.923
4	38.9	-0.884
4	39	-0.898
4	39	-1.135
4	39	-1.147
4	39	-1.243
4	39	-0.95
4	39	-0.891
4	39	-1.042
4	39	-1.133
4	39	-1.135
4	39	-0.994
4	39	-1.05
4	39.1	-1.37
4	39.1	-1.404
4	39.1	-0.823
4	39.1	-1.025
4	39.1	-1.167
4	39.1	-1.658
4	39.1	-1.089
4	39.1	-0.825
4	39.1	-1.072
4	39.1	-1.453
4	39.2	-1.228
4	39.2	-1.252
4	39.2	-1.199
4	39.2	-0.786
4	39.2	-1.038
4	39.2	-0.952
4	39.2	-1.211
4	39.2	-1.35
4	39.2	-1.25
4	39.2	-1.038
4	39.2	-1.55
4	39.3	-1.067
4	39.3	-0.935
4	39.3	-1.584
4	39.3	-1.499
4	39.3	-1.897
4	39.3	-1.501
4	39.3	-1.213
4	39.3	-1.24
4	39.3	-1.897
4	39.3	-1.704
4	39.3	-1.609
4	39.4	-0.964
4	39.4	-1.14
4	39.4	-1.577
4	39.4	-1.76
4	39.4	-1.226
4	39.4	-1.404
4	39.4	-1.555
4	39.4	-1.382
4	39.4	-1.831
4	39.4	-1.787
4	39.4	-1.614
4	39.5	-1.726
4	39.5	-2.083
4	39.5	-1.724
4	39.5	-1.592
4	39.5	-1.379
4	39.5	-1.956
4	39.5	-1.804
4	39.5	-2.407
4	39.5	-2.114
4	39.5	-1.348
4	39.6	-1.88
4	39.6	-2.402
4	39.6	-2.434
4	39.6	-1.526
4	39.6	-1.98
4	39.6	-2.485
4	39.6	-3.015
4	39.6	-2.654
4	39.6	-2.197
4	39.6	-2.187
4	39.6	-2.771
4	39.7	-3.169
4	39.7	-2.686
4	39.7	-2.346
4	39.7	-2.515
4	39.7	-2.852
4	39.7	-2.136
4	39.7	-2.402
4	39.7	-2.468
4	39.7	-2.41
4	39.7	-2.91
4	39.7	-3.064
4	39.7	-2.9
4	39.8	-2.822
4	39.8	-2.576
4	39.8	-3.213
4	39.8	-3.491
4	39.8	-2.935
4	39.8	-3.171
4	39.8	-3.586
4	39.8	-3.65
4	39.8	-3.73
4	39.8	-3.459
4	39.8	-3.228
4	39.9	-3.75
4	39.9	-3.828
4	39.9	-3.733
4	39.9	-3.975
4	39.9	-3.992
4	39.9	-3.884
4	39.9	-4.165
4	39.9	-4.231
4	39.9	-4.224
4	39.9	-4.185
4	40	-4.15
4	40	-4.238
4	40	-4.238
4	40	-4.185
4	40	-4.229
4	40	-4.246
4	40	-4.216
4	40	-4.197
4	40	-4.187
4	40	-4.165
4	40	-4.204
4	40.1	-4.185
4	40.1	-4.221
4	40.1	-4.224
4	40.1	-4.17
4	40.1	-4.229
4	40.1	-4.233
4	40.1	-4.238
4	40.1	-4.192
4	40.1	-4.185
4	40.1	-4.182
4	40.1	-4.241
4	40.2	-4.216
4	40.2	-4.177
4	40.2	-4.099
4	40.2	-4.231
4	40.2	-4.204
4	40.2	-4.243
4	40.2	-4.15
4	40.2	-4.207
4	40.2	-4.211
4	40.2	-4.126
4	40.2	-4.209
4	40.3	-4.182
4	40.3	-4.17
4	40.3	-4.023
4	40.3	-4.028
4	40.3	-3.997
4	40.3	-4.185
4	40.3	-4.158
4	40.3	-3.879
4	40.3	-3.586
4	40.3	-4.128
4	40.3	-4.023
4	40.4	-3.857
4	40.4	-3.867
4	40.4	-3.611
4	40.4	-3.706
4	40.4	-3.811
4	40.4	-3.857
4	40.4	-3.584
4	40.4	-3.159
4	40.4	-2.795
4	40.4	-3.533
4	40.4	-3.384
4	40.5	-2.756
4	40.5	-2.708
4	40.5	-3.086
4	40.5	-3.53
4	40.5	-3.643
4	40.5	-2.966
4	40.5	-2.922
4	40.5	-3.176
4	40.5	-2.312
4	40.5	-2.573
4	40.6	-2.642
4	40.6	-2.168
4	40.6	-2.017
4	40.6	-2.31
4	40.6	-2.429
4	40.6	-2.107
4	40.6	-1.255
4	40.6	-0.964
4	40.6	-1.743
4	40.6	-1.375
4	40.6	-1.274
4	40.7	-0.94
4	40.7	-1.238
4	40.7	-1.26
4	40.7	-1.809
4	40.7	-1.06
4	40.7	-1.206
4	40.7	-1.572
4	40.7	-1.838
4	40.7	-1.716
4	40.7	-1.091
4	40.7	-1.157
4	40.8	-1.169
4	40.8	-1.606
4	40.8	-1.299
4	40.8	-1.204
4	40.8	-0.913
4	40.8	-1.287
4	40.8	-1.328
4	40.8	-1.121
4	40.8	-0.906
4	40.8	-0.994
4	40.8	-1.326
4	40.8	-1.196
4	40.9	-0.986
4	40.9	-0.789
4	40.9	-0.83
4	40.9	-0.872
4	40.9	-1.033
4	40.9	-0.679
4	40.9	-0.64
4	40.9	-0.925
4	40.9	-0.869
4	40.9	-0.796
4	41	-0.596
4	41	-0.652
4	41	-0.688
4	41	-0.635
4	41	-0.693
4	41	-0.71
4	41	-0.618
4	41	-0.591
4	41	-0.862
4	41	-0.823
4	41	-0.591
4	41.1	-0.625
4	41.1	-0.601
4	41.1	-0.591
4	41.1	-0.605
4	41.1	-0.581
4	41.1	-0.652
4	41.1	-0.681
4	41.1	-0.603
4	41.1	-0.659
4	41.1	-0.647
4	41.1	-0.937
4	41.2	-0.789
4	41.2	-0.591
4	41.2	-0.671
4	41.2	-1.05
4	41.2	-0.779
4	41.2	-0.747
4	41.2	-0.73
4	41.2	-0.82
4	41.2	-1.064
4	41.2	-1.089
4	41.2	-0.84
4	41.3	-0.781
4	41.3	-0.964
4	41.3	-1.238
4	41.3	-1.44
4	41.3	-1.128
4	41.3	-0.811
4	41.3	-0.935
4	41.3	-1.094
4	41.3	-1.506
4	41.3	-1.191
4	41.3	-0.825
4	41.4	-1.426
4	41.4	-1.648
4	41.4	-1.704
4	41.4	-1.279
4	41.4	-1.565
4	41.4	-1.458
4	41.4	-2.302
4	41.4	-2.249
4	41.4	-1.499
4	41.4	-1.482
4	41.5	-2.119
4	41.5	-2.4
4	41.5	-1.819
4	41.5	-1.802
4	41.5	-1.436
4	41.5	-2.341
4	41.5	-2.019
4	41.5	-2.249
4	41.5	-1.87
4	41.5	-1.848
4	41.5	-2.5
4	41.6	-2.871
4	41.6	-2.874
4	41.6	-1.948
4	41.6	-2.478
4	41.6	-3.015
4	41.6	-3.188
4	41.6	-2.812
4	41.6	-2.693
4	41.6	-2.573
4	41.6	-2.979
4	41.6	-2.964
4	41.7	-3.14
4	41.7	-3.142
4	41.7	-2.664
4	41.7	-3.064
4	41.7	-3.56
4	41.7	-3.643
4	41.7	-2.942
4	41.7	-3.34
4	41.7	-3.457
4	41.7	-3.74
4	41.7	-3.484
4	41.8	-2.881
4	41.8	-2.966
4	41.8	-3.262
4	41.8	-3.301
4	41.8	-2.852
4	41.8	-2.729
4	41.8	-2.864
4	41.8	-3.174
4	41.8	-3.22
4	41.8	-3.159
4	41.8	-2.72
4	41.9	-3.267
4	41.9	-3.269
4	41.9	-3.704
4	41.9	-2.864
4	41.9	-3.157
4	41.9	-3.315
4	41.9	-3.713
4	41.9	-3.97
4	41.9	-3.809
4	41.9	-3.826
4	42	-3.76
4	42	-4.067
4	42	-3.882
4	42	-3.674
4	42	-3.56
4	42	-4.077
4	42	-4.106
4	42	-4.062
4	42	-4.053
4	42	-4.016
4	42	-4.238
4	42	-4.243
4	42.1	-4.207
4	42.1	-4.048
4	42.1	-4.158
4	42.1	-4.221
4	42.1	-4.233
4	42.1	-4.089
4	42.1	-3.987
4	42.1	-4.253
4	42.1	-4.255
4	42.1	-4.248
4	42.1	-4.231
4	42.2	-4.253
4	42.2	-4.204
4	42.2	-4.167
4	42.2	-4.187
4	42.2	-4.177
4	42.2	-4.128
4	42.2	-4.241
4	42.2	-4.05
4	42.2	-4.031
4	42.2	-3.979
4	42.2	-4.119
4	42.3	-4.229
4	42.3	-4.158
4	42.3	-4.055
4	42.3	-4.16
4	42.3	-4.238
4	42.3	-4.092
4	42.3	-4.092
4	42.3	-4.045
4	42.3	-4.18
4	42.3	-4.197
4	42.4	-3.997
4	42.4	-3.86
4	42.4	-3.843
4	42.4	-4.019
4	42.4	-4.153
4	42.4	-4.106
4	42.4	-3.801
4	42.4	-4.043
4	42.4	-4.111
4	42.4	-4.194
4	42.4	-3.992
4	42.5	-3.867
4	42.5	-3.589
4	42.5	-3.826
4	42.5	-4.05
4	42.5	-3.413
4	42.5	-3.13
4	42.5	-3.274
4	42.5	-3.596
4	42.5	-3.572
4	42.5	-3.083
4	42.5	-2.659
4	42.6	-3.223
4	42.6	-3.298
4	42.6	-3.213
4	42.6	-2.954
4	42.6	-2.458
4	42.6	-2.825
4	42.6	-3.022
4	42.6	-2.942
4	42.6	-2.4
4	42.6	-2.449
4	42.6	-3.04
4	42.7	-3.428
4	42.7	-2.859
4	42.7	-2.546
4	42.7	-2.693
4	42.7	-2.729
4	42.7	-2.861
4	42.7	-3.362
4	42.7	-2.766
4	42.7	-2.456
4	42.7	-2.617
4	42.7	-2.468
4	42.8	-2.932
4	42.8	-2.8
4	42.8	-2.473
4	42.8	-2.556
4	42.8	-2.961
4	42.8	-2.761
4	42.8	-2.649
4	42.8	-2.021
4	42.8	-2.266
4	42.8	-2.229
4	42.8	-1.899
4	42.9	-2.224
4	42.9	-1.79
4	42.9	-2.358
4	42.9	-2.019
4	42.9	-1.924
4	42.9	-1.797
4	42.9	-1.685
4	42.9	-1.646
4	42.9	-2.349
4	42.9	-2.236
4	43	-1.541
4	43	-1.458
4	43	-1.672
4	43	-1.479
4	43	-1.482
4	43	-1.013
4	43	-0.806
4	43	-1.284
4	43	-0.969
4	43	-0.913
4	43	-0.813
4	43.1	-0.603
4	43.1	-0.627
4	43.1	-0.786
4	43.1	-0.779
4	43.1	-0.696
4	43.1	-0.576
4	43.1	-0.64
4	43.1	-1.042
4	43.1	-0.728
4	43.1	-0.657
4	43.1	-0.71
4	43.1	-0.769
4	43.2	-0.784
4	43.2	-0.703
4	43.2	-0.586
4	43.2	-0.659
4	43.2	-0.669
4	43.2	-0.613
4	43.2	-0.681
4	43.2	-0.588
4	43.2	-0.583
4	43.2	-0.71
4	43.2	-0.693
4	43.3	-0.583
4	43.3	-0.603
4	43.3	-0.579
4	43.3	-0.613
4	43.3	-0.75
4	43.3	-0.63
4	43.3	-0.586
4	43.3	-0.579
4	43.3	-0.667
4	43.3	-0.781
4	43.4	-0.725
4	43.4	-0.591
4	43.4	-0.647
4	43.4	-0.798
4	43.4	-0.674
4	43.4	-0.598
4	43.4	-0.576
4	43.4	-0.674
4	43.4	-0.774
4	43.4	-0.61
4	43.4	-0.608
4	43.5	-0.63
4	43.5	-0.586
4	43.5	-0.706
4	43.5	-0.71
4	43.5	-0.605
4	43.5	-0.569
4	43.5	-0.574
4	43.5	-0.603
4	43.5	-0.605
4	43.5	-0.571
4	43.5	-0.615
4	43.6	-0.576
4	43.6	-0.571
4	43.6	-0.591
4	43.6	-0.593
4	43.6	-0.581
4	43.6	-0.608
4	43.6	-0.591
4	43.6	-0.637
4	43.6	-0.574
4	43.6	-0.674
4	43.6	-0.596
4	43.7	-0.647
4	43.7	-0.574
4	43.7	-0.61
4	43.7	-0.608
4	43.7	-0.583
4	43.7	-0.576
4	43.7	-0.586
4	43.7	-0.691
4	43.7	-0.601
4	43.7	-0.586
4	43.7	-0.581
4	43.8	-0.579
4	43.8	-0.654
4	43.8	-0.728
4	43.8	-0.647
4	43.8	-0.603
4	43.8	-0.581
4	43.8	-0.598
4	43.8	-0.933
4	43.8	-0.688
4	43.8	-0.676
4	43.8	-0.854
4	43.9	-0.725
4	43.9	-0.903
4	43.9	-1.372
4	43.9	-0.925
4	43.9	-0.791
4	43.9	-0.789
4	43.9	-1.011
4	43.9	-1.375
4	43.9	-0.911
4	43.9	-0.852
4	44	-1.15
4	44	-1.545
4	44	-1.575
4	44	-1.362
4	44	-1.238
4	44	-1.326
4	44	-1.768
4	44	-1.475
4	44	-1.086
4	44	-1.021
4	44	-1.306
4	44.1	-1.562
4	44.1	-1.294
4	44.1	-1.094
4	44.1	-1.553
4	44.1	-1.677
4	44.1	-1.284
4	44.1	-1.562
4	44.1	-1.094
4	44.1	-0.969
4	44.1	-1.16
4	44.1	-1.77
4	44.2	-1.321
4	44.2	-1.23
4	44.2	-0.779
4	44.2	-1.362
4	44.2	-1.797
4	44.2	-1.194
4	44.2	-1.118
4	44.2	-1.306
4	44.2	-1.592
4	44.2	-1.409
4	44.2	-1.248
4	44.2	-1.045
4	44.3	-1.738
4	44.3	-1.487
4	44.3	-1.394
4	44.3	-0.969
4	44.3	-1.038
4	44.3	-1.687
4	44.3	-1.553
4	44.3	-1.262
4	44.3	-1.252
4	44.3	-1.25
4	44.4	-1.648
4	44.4	-1.96
4	44.4	-1.56
4	44.4	-1.526
4	44.4	-1.724
4	44.4	-1.736
4	44.4	-2.078
4	44.4	-1.89
4	44.4	-1.663
4	44.4	-1.638
4	44.4	-1.841
4	44.5	-1.855
4	44.5	-1.992
4	44.5	-1.433
4	44.5	-1.565
4	44.5	-1.738
4	44.5	-1.729
4	44.5	-1.682
4	44.5	-1.299
4	44.5	-1.587
4	44.5	-1.843
4	44.5	-1.812
4	44.6	-1.355
4	44.6	-1.272
4	44.6	-1.599
4	44.6	-1.96
4	44.6	-1.836
4	44.6	-1.365
4	44.6	-1.323
4	44.6	-1.538
4	44.6	-1.321
4	44.6	-1.372
4	44.6	-2.046
4	44.7	-1.65
4	44.7	-1.37
4	44.7	-1.917
4	44.7	-2.488
4	44.7	-1.719
4	44.7	-1.531
4	44.7	-1.787
4	44.7	-2.732
4	44.7	-2.578
4	44.7	-2.119
4	44.7	-2.283
4	44.8	-2.756
4	44.8	-3.206
4	44.8	-2.607
4	44.8	-2.71
4	44.8	-2.512
4	44.8	-3.01
4	44.8	-2.974
4	44.8	-2.725
4	44.8	-2.656
4	44.8	-2.5
4	44.9	-3.286
4	44.9	-3.628
4	44.9	-3.367
4	44.9	-2.834
4	44.9	-3.066
4	44.9	-3.684
4	44.9	-3.848
4	44.9	-3.608
4	44.9	-3.435
4	44.9	-3.662
4	44.9	-3.833
4	45	-4.004
4	45	-3.987
4	45	-3.694
4	45	-3.586
4	45	-3.943
4	45	-4.116
4	45	-3.762
4	45	-3.645
4	45	-3.958
4	45	-4.075
4	45	-3.745
4	45.1	-4.07
4	45.1	-4.104
4	45.1	-3.894
4	45.1	-3.979
4	45.1	-3.921
4	45.1	-4.036
4	45.1	-3.931
4	45.1	-3.845
4	45.1	-3.982
4	45.1	-3.965
4	45.1	-3.53
4	45.2	-3.516
4	45.2	-3.467
4	45.2	-3.843
4	45.2	-3.582
4	45.2	-3.909
4	45.2	-3.54
4	45.2	-3.408
4	45.2	-3.879
4	45.2	-3.923
4	45.2	-3.599
4	45.2	-3.333
4	45.3	-3.774
4	45.3	-4.021
4	45.3	-3.96
4	45.3	-3.425
4	45.3	-3.674
4	45.3	-3.896
4	45.3	-4.072
4	45.3	-3.735
4	45.3	-3.757
4	45.3	-3.994
4	45.4	-3.921
4	45.4	-3.931
4	45.4	-3.896
4	45.4	-4.099
4	45.4	-4.004
4	45.4	-4.243
4	45.4	-4.253
4	45.4	-4.263
4	45.4	-4.092
4	45.4	-4.265
4	45.4	-4.121
4	45.4	-4.182
4	45.5	-4.25
4	45.5	-4.265
4	45.5	-4.207
4	45.5	-3.97
4	45.5	-3.916
4	45.5	-4.192
4	45.5	-4.116
4	45.5	-4.038
4	45.5	-3.887
4	45.5	-3.718
4	45.5	-3.813
4	45.6	-3.86
4	45.6	-3.506
4	45.6	-3.201
4	45.6	-3.394
4	45.6	-3.374
4	45.6	-3.469
4	45.6	-2.886
4	45.6	-2.742
4	45.6	-2.703
4	45.6	-3.281
4	45.6	-3.069
4	45.7	-2.998
4	45.7	-2.437
4	45.7	-2.708
4	45.7	-3.184
4	45.7	-2.773
4	45.7	-2.625
4	45.7	-2.446
4	45.7	-2.942
4	45.7	-3.135
4	45.7	-2.754
4	45.8	-2.605
4	45.8	-2.681
4	45.8	-2.288
4	45.8	-2.427
4	45.8	-2.932
4	45.8	-2.615
4	45.8	-1.941
4	45.8	-2.515
4	45.8	-2.932
4	45.8	-2.812
4	45.8	-2.151
4	45.9	-1.697
4	45.9	-2.39
4	45.9	-2.314
4	45.9	-2.339
4	45.9	-2.009
4	45.9	-1.194
4	45.9	-1.536
4	45.9	-1.667
4	45.9	-1.675
4	45.9	-1.299
4	45.9	-1.206
4	46	-1.499
4	46	-1.816
4	46	-1.409
4	46	-1.123
4	46	-1.243
4	46	-1.523
4	46	-1.521
4	46	-1.228
4	46	-1.035
4	46	-0.964
4	46	-1.042
4	46.1	-1.228
4	46.1	-1.011
4	46.1	-0.664
4	46.1	-0.598
4	46.1	-0.769
4	46.1	-0.754
4	46.1	-0.61
4	46.1	-0.588
4	46.1	-0.576
4	46.1	-0.569
4	46.1	-0.583
4	46.2	-0.615
4	46.2	-0.764
4	46.2	-0.562
4	46.2	-0.564
4	46.2	-0.562
4	46.2	-0.598
4	46.2	-0.647
4	46.2	-0.608
4	46.2	-0.564
4	46.2	-0.649
4	46.3	-0.793
4	46.3	-0.759
4	46.3	-0.803
4	46.3	-0.596
4	46.3	-0.789
4	46.3	-0.886
4	46.3	-0.74
4	46.3	-0.713
4	46.3	-0.664
4	46.3	-0.549
4	46.3	-0.754
4	46.4	-0.996
4	46.4	-0.603
4	46.4	-0.574
4	46.4	-0.642
4	46.4	-0.933
4	46.4	-0.955
4	46.4	-0.718
4	46.4	-0.618
4	46.4	-0.837
4	46.4	-0.767
4	46.4	-0.986
4	46.5	-0.859
4	46.5	-0.886
4	46.5	-0.955
4	46.5	-1.326
4	46.5	-0.881
4	46.5	-0.991
4	46.5	-0.796
4	46.5	-0.715
4	46.5	-1.204
4	46.5	-1.003
4	46.5	-0.725
4	46.5	-0.598
4	46.6	-0.713
4	46.6	-0.908
4	46.6	-0.999
4	46.6	-0.676
4	46.6	-0.72
4	46.6	-0.92
4	46.6	-1.206
4	46.6	-1.321
4	46.6	-0.708
4	46.6	-0.62
4	46.7	-1.213
4	46.7	-1.648
4	46.7	-1.106
4	46.7	-1.023
4	46.7	-0.845
4	46.7	-1.238
4	46.7	-1.624
4	46.7	-1.428
4	46.7	-1.399
4	46.7	-1.536
4	46.7	-1.45
4	46.8	-1.443
4	46.8	-1.46
4	46.8	-1.055
4	46.8	-1.497
4	46.8	-1.489
4	46.8	-1.777
4	46.8	-1.44
4	46.8	-1.101
4	46.8	-1.167
4	46.8	-1.689
4	46.8	-1.487
4	46.9	-1.445
4	46.9	-1.086
4	46.9	-0.908
4	46.9	-1.589
4	46.9	-1.904
4	46.9	-1.438
4	46.9	-0.974
4	46.9	-1.038
4	46.9	-1.409
4	46.9	-1.843
4	46.9	-0.996
4	47	-1.201
4	47	-1.438
4	47	-1.138
4	47	-1.375
4	47	-1.47
4	47	-1.201
4	47	-1.267
4	47	-1.553
4	47	-1.682
4	47	-1.597
4	47	-1.072
4	47.1	-1.282
4	47.1	-1.719
4	47.1	-1.912
4	47.1	-1.78
4	47.1	-1.482
4	47.1	-1.753
4	47.1	-2.361
4	47.1	-2.28
4	47.1	-1.78
4	47.1	-1.887
4	47.2	-1.995
4	47.2	-2.437
4	47.2	-2.224
4	47.2	-1.694
4	47.2	-1.458
4	47.2	-2.058
4	47.2	-2.029
4	47.2	-2.007
4	47.2	-1.777
4	47.2	-1.877
4	47.2	-2.51
4	47.3	-2.725
4	47.3	-2.344
4	47.3	-2.227
4	47.3	-2.292
4	47.3	-2.432
4	47.3	-2.622
4	47.3	-2.415
4	47.3	-1.921
4	47.3	-2.556
4	47.3	-2.991
4	47.3	-2.512
4	47.4	-2.378
4	47.4	-2.239
4	47.4	-2.51
4	47.4	-3.137
4	47.4	-2.783
4	47.4	-2.747
4	47.4	-2.979
4	47.4	-3.13
4	47.4	-3.557
4	47.4	-3.594
4	47.4	-3.413
4	47.5	-3.118
4	47.5	-3.223
4	47.5	-3.77
4	47.5	-3.735
4	47.5	-3.528
4	47.5	-3.137
4	47.5	-3.613
4	47.5	-3.926
4	47.5	-3.845
4	47.5	-3.787
4	47.5	-3.748
4	47.6	-3.928
4	47.6	-4.153
4	47.6	-3.94
4	47.6	-3.928
4	47.6	-3.86
4	47.6	-3.882
4	47.6	-4.17
4	47.6	-4.092
4	47.6	-4.084
4	47.6	-3.955
4	47.7	-4.131
4	47.7	-4.255
4	47.7	-4.18
4	47.7	-3.867
4	47.7	-4.033
4	47.7	-4.148
4	47.7	-4.106
4	47.7	-4.231
4	47.7	-3.889
4	47.7	-3.945
4	47.7	-4.185
4	47.7	-4.199
4	47.8	-4.158
4	47.8	-4.026
4	47.8	-3.882
4	47.8	-4.282
4	47.8	-4.28
4	47.8	-4.209
4	47.8	-4.277
4	47.8	-4.275
4	47.8	-4.28
4	47.8	-4.27
4	47.8	-4.28
4	47.9	-4.209
4	47.9	-4.25
4	47.9	-4.133
4	47.9	-4.185
4	47.9	-4.27
4	47.9	-4.277
4	47.9	-4.246
4	47.9	-4.226
4	47.9	-4.199
4	47.9	-4.172
4	47.9	-4.114
4	48	-4.116
4	48	-3.628
4	48	-3.804
4	48	-4.058
4	48	-4.058
4	48	-3.687
4	48	-3.169
4	48	-3.254
4	48	-3.979
4	48	-3.867
4	48.1	-3.259
4	48.1	-2.957
4	48.1	-3.147
4	48.1	-3.447
4	48.1	-3.149
4	48.1	-3.323
4	48.1	-3.394
4	48.1	-3.621
4	48.1	-2.988
4	48.1	-2.6
4	48.1	-2.695
4	48.2	-2.563
4	48.2	-2.292
4	48.2	-2.983
4	48.2	-2.93
4	48.2	-2.104
4	48.2	-2.224
4	48.2	-2.529
4	48.2	-3.027
4	48.2	-2.82
4	48.2	-2.803
4	48.2	-2.429
4	48.3	-2.783
4	48.3	-3.247
4	48.3	-2.839
4	48.3	-2.947
4	48.3	-2.91
4	48.3	-3.059
4	48.3	-3.169
4	48.3	-2.815
4	48.3	-2.705
4	48.3	-2.771
4	48.3	-3.074
4	48.4	-3.232
4	48.4	-3.052
4	48.4	-2.644
4	48.4	-2.908
4	48.4	-2.935
4	48.4	-3.184
4	48.4	-3.091
4	48.4	-2.705
4	48.4	-2.786
4	48.4	-2.898
4	48.4	-3.376
4	48.5	-3.147
4	48.5	-2.703
4	48.5	-2.673
4	48.5	-2.898
4	48.5	-2.935
4	48.5	-2.852
4	48.5	-2.554
4	48.5	-2.354
4	48.5	-2.639
4	48.5	-2.908
4	48.5	-3.044
4	48.6	-2.683
4	48.6	-2.749
4	48.6	-3.03
4	48.6	-2.864
4	48.6	-2.561
4	48.6	-2.749
4	48.6	-2.478
4	48.6	-2.239
4	48.6	-2.407
4	48.6	-2.488
4	48.7	-2.207
4	48.7	-1.938
4	48.7	-2.148
4	48.7	-2.598
4	48.7	-2.759
4	48.7	-1.902
4	48.7	-1.853
4	48.7	-2.224
4	48.7	-2.371
4	48.7	-1.833
4	48.7	-1.831
4	48.8	-1.492
4	48.8	-2.256
4	48.8	-2.183
4	48.8	-2.034
4	48.8	-2.007
4	48.8	-1.465
4	48.8	-1.873
4	48.8	-2.224
4	48.8	-2.346
4	48.8	-1.24
4	48.8	-1.226
4	48.8	-1.892
4	48.9	-2.222
4	48.9	-1.355
4	48.9	-1.213
4	48.9	-1.372
4	48.9	-1.575
4	48.9	-1.694
4	48.9	-1.079
4	48.9	-1.201
4	48.9	-1.238
4	48.9	-1.648
4	48.9	-1.694
4	49	-1.348
4	49	-1.025
4	49	-1.489
4	49	-1.27
4	49	-1.138
4	49	-1.001
4	49	-0.596
4	49	-0.693
4	49	-0.803
4	49	-1.001
4	49.1	-0.664
4	49.1	-0.71
4	49.1	-0.657
4	49.1	-1.257
4	49.1	-1.147
4	49.1	-0.664
4	49.1	-0.735
4	49.1	-0.864
4	49.1	-1.23
4	49.1	-0.825
4	49.1	-0.62
4	49.2	-0.701
4	49.2	-1.057
4	49.2	-0.701
4	49.2	-0.691
4	49.2	-0.559
4	49.2	-0.559
4	49.2	-0.564
4	49.2	-0.588
4	49.2	-0.552
4	49.2	-0.557
4	49.2	-0.554
4	49.3	-0.564
4	49.3	-0.562
4	49.3	-0.557
4	49.3	-0.579
4	49.3	-0.559
4	49.3	-0.671
4	49.3	-0.684
4	49.3	-0.596
4	49.3	-0.603
4	49.3	-0.571
4	49.3	-0.588
4	49.4	-0.564
4	49.4	-0.552
4	49.4	-0.684
4	49.4	-0.559
4	49.4	-0.579
4	49.4	-0.552
4	49.4	-0.564
4	49.4	-0.627
4	49.4	-0.647
4	49.4	-0.537
4	49.4	-0.549
4	49.5	-0.669
4	49.5	-0.618
4	49.5	-0.747
4	49.5	-0.667
4	49.5	-0.615
4	49.5	-0.601
4	49.5	-0.867
4	49.5	-1.011
4	49.5	-0.894
4	49.5	-0.623
4	49.5	-0.935
4	49.6	-1.106
4	49.6	-0.872
4	49.6	-0.955
4	49.6	-0.671
4	49.6	-0.708
4	49.6	-1.094
4	49.6	-1.018
4	49.6	-0.583
4	49.6	-0.62
4	49.6	-1.338
4	49.7	-1.323
4	49.7	-1.123
4	49.7	-1.27
4	49.7	-1.135
4	49.7	-1.797
4	49.7	-1.414
4	49.7	-1.35
4	49.7	-1.184
4	49.7	-1.184
4	49.7	-1.409
4	49.7	-1.785
4	49.8	-1.182
4	49.8	-0.994
4	49.8	-0.908
4	49.8	-1.001
4	49.8	-1.377
4	49.8	-1.362
4	49.8	-1.235
4	49.8	-1.462
4	49.8	-1.487
4	49.8	-1.501
4	49.8	-1.797
4	49.9	-1.506
4	49.9	-1.284
4	49.9	-1.531
4	49.9	-1.992
4	49.9	-2.197
4	49.9	-1.824
4	49.9	-1.094
4	49.9	-1.785
4	49.9	-2.324
4	49.9	-2.1
4	49.9	-1.731
4	49.9	-1.521
4	50	-2.173
4	50	-2.388
4	50	-2.239
4	50	-2.039
4	50	-2.002
4	50	-2.007
4	50	-2.81
4	50	-2.368
4	50	-2.019
4	50	-1.797
4	50.1	-2.568
4	50.1	-3.02
4	50.1	-2.595
4	50.1	-2.161
4	50.1	-2.236
4	50.1	-2.556
4	50.1	-2.1
4	50.1	-2.678
4	50.1	-2.061
4	50.1	-1.941
4	50.1	-1.938
4	50.2	-2.534
4	50.2	-2.812
4	50.2	-2.529
4	50.2	-2.014
4	50.2	-2.505
4	50.2	-3.271
4	50.2	-3.042
4	50.2	-2.939
4	50.2	-2.554
4	50.2	-2.913
4	50.2	-3.269
4	50.3	-3.171
4	50.3	-2.622
4	50.3	-3.293
4	50.3	-3.284
4	50.3	-3.291
4	50.3	-3.333
4	50.3	-3.462
4	50.3	-3.254
4	50.3	-3.65
4	50.3	-3.674
4	50.3	-3.716
4	50.4	-3.596
4	50.4	-3.389
4	50.4	-4.119
4	50.4	-4.202
4	50.4	-4.158
4	50.4	-4.001
4	50.4	-4.167
4	50.4	-4.143
4	50.4	-4.246
4	50.4	-4.229
4	50.4	-3.745
4	50.5	-3.928
4	50.5	-4.236
4	50.5	-4.294
4	50.5	-4.131
4	50.5	-4.231
4	50.5	-4.292
4	50.5	-4.302
4	50.5	-4.294
4	50.5	-4.309
4	50.5	-4.226
4	50.6	-4.17
4	50.6	-4.314
4	50.6	-4.285
4	50.6	-4.189
4	50.6	-4.143
4	50.6	-4.143
4	50.6	-4.272
4	50.6	-4.299
4	50.6	-4.033
4	50.6	-4.067
4	50.6	-4.28
4	50.7	-4.314
4	50.7	-4.302
4	50.7	-4.29
4	50.7	-4.26
4	50.7	-4.307
4	50.7	-4.17
4	50.7	-4.18
4	50.7	-4.294
4	50.7	-4.307
4	50.7	-4.248
4	50.7	-4.133
4	50.8	-4.202
4	50.8	-4.233
4	50.8	-4.309
4	50.8	-4.233
4	50.8	-4.175
4	50.8	-4.25
4	50.8	-4.255
4	50.8	-4.258
4	50.8	-4.231
4	50.8	-4.053
4	50.8	-3.94
4	50.9	-4.155
4	50.9	-4.163
4	50.9	-4.097
4	50.9	-3.762
4	50.9	-3.799
4	50.9	-4.06
4	50.9	-4.146
4	50.9	-3.645
4	50.9	-3.335
4	50.9	-3.462
4	50.9	-3.708
4	51	-3.948
4	51	-3.679
4	51	-3.372
4	51	-3.528
4	51	-3.804
4	51	-3.76
4	51	-3.45
4	51	-3.201
4	51	-3.074
4	51	-3.381
4	51	-3.506
4	51.1	-3.096
4	51.1	-2.908
4	51.1	-2.717
4	51.1	-3.396
4	51.1	-3.708
4	51.1	-2.981
4	51.1	-2.769
4	51.1	-3.276
4	51.1	-3.416
4	51.1	-3.191
4	51.1	-2.778
4	51.2	-2.522
4	51.2	-3.162
4	51.2	-3.352
4	51.2	-3.054
4	51.2	-3.193
4	51.2	-2.485
4	51.2	-3.013
4	51.2	-3.452
4	51.2	-3.442
4	51.2	-2.651
4	51.2	-2.788
4	51.3	-3.291
4	51.3	-3.621
4	51.3	-3.479
4	51.3	-2.69
4	51.3	-3.318
4	51.3	-3.679
4	51.3	-3.635
4	51.3	-3.169
4	51.3	-2.964
4	51.3	-3.167
4	51.3	-3.738
4	51.4	-3.398
4	51.4	-3.384
4	51.4	-3.159
4	51.4	-3.198
4	51.4	-3.391
4	51.4	-3.025
4	51.4	-3.149
4	51.4	-2.771
4	51.4	-2.729
4	51.4	-2.456
4	51.5	-2.712
4	51.5	-2.434
4	51.5	-2.217
4	51.5	-1.917
4	51.5	-2.471
4	51.5	-2.495
4	51.5	-2.007
4	51.5	-1.65
4	51.5	-2.017
4	51.5	-2.371
4	51.5	-2.148
4	51.6	-1.821
4	51.6	-1.25
4	51.6	-1.846
4	51.6	-1.855
4	51.6	-1.587
4	51.6	-1.57
4	51.6	-1.292
4	51.6	-1.65
4	51.6	-1.58
4	51.6	-1.704
4	51.6	-1.328
4	51.7	-1.294
4	51.7	-1.313
4	51.7	-1.75
4	51.7	-1.321
4	51.7	-0.937
4	51.7	-0.82
4	51.7	-1.567
4	51.7	-1.262
4	51.7	-0.981
4	51.7	-0.879
4	51.7	-0.75
4	51.8	-1.077
4	51.8	-1.465
4	51.8	-1.243
4	51.8	-0.742
4	51.8	-0.972
4	51.8	-0.996
4	51.8	-1.404
4	51.8	-0.92
4	51.8	-0.586
4	51.8	-0.715
4	51.8	-1.211
4	51.9	-0.916
4	51.9	-0.596
4	51.9	-0.781
4	51.9	-0.71
4	51.9	-1.184
4	51.9	-0.906
4	51.9	-0.723
4	51.9	-0.649
4	51.9	-0.684
4	51.9	-0.867
4	51.9	-0.762
4	52	-0.75
4	52	-0.637
4	52	-0.718
4	52	-0.83
4	52	-0.923
4	52	-0.623
4	52	-0.525
4	52	-0.552
4	52	-0.818
4	52	-0.791
4	52.1	-0.54
4	52.1	-0.549
4	52.1	-0.669
4	52.1	-1.064
4	52.1	-0.75
4	52.1	-0.542
4	52.1	-0.574
4	52.1	-0.608
4	52.1	-0.637
4	52.1	-0.664
4	52.1	-0.549
4	52.2	-0.657
4	52.2	-0.532
4	52.2	-0.62
4	52.2	-0.588
4	52.2	-0.515
4	52.2	-0.642
4	52.2	-0.537
4	52.2	-0.53
4	52.2	-0.52
4	52.2	-0.64
4	52.2	-0.747
4	52.2	-0.649
4	52.3	-0.542
4	52.3	-0.596
4	52.3	-0.708
4	52.3	-0.894
4	52.3	-0.642
4	52.3	-0.588
4	52.3	-0.569
4	52.3	-0.742
4	52.3	-0.896
4	52.3	-0.803
4	52.3	-0.542
4	52.4	-0.579
4	52.4	-1.057
4	52.4	-1.252
4	52.4	-0.896
4	52.4	-0.554
4	52.4	-0.696
4	52.4	-0.874
4	52.4	-1.074
4	52.4	-0.93
4	52.4	-0.813
4	52.5	-0.835
4	52.5	-1.135
4	52.5	-1.16
4	52.5	-0.84
4	52.5	-0.823
4	52.5	-0.818
4	52.5	-1.326
4	52.5	-1.284
4	52.5	-1.387
4	52.5	-1.001
4	52.5	-1.519
4	52.6	-1.331
4	52.6	-1.128
4	52.6	-1.282
4	52.6	-1.143
4	52.6	-1.318
4	52.6	-1.331
4	52.6	-1.853
4	52.6	-1.226
4	52.6	-1.44
4	52.6	-1.555
4	52.6	-2.158
4	52.7	-1.514
4	52.7	-1.858
4	52.7	-1.477
4	52.7	-1.721
4	52.7	-2.627
4	52.7	-1.895
4	52.7	-1.758
4	52.7	-1.375
4	52.7	-1.704
4	52.7	-2.207
4	52.7	-2.41
4	52.8	-1.78
4	52.8	-1.938
4	52.8	-1.936
4	52.8	-2.507
4	52.8	-2.93
4	52.8	-2.676
4	52.8	-2.371
4	52.8	-2.534
4	52.8	-2.888
4	52.8	-3.02
4	52.8	-2.605
4	52.9	-1.992
4	52.9	-3.081
4	52.9	-3.669
4	52.9	-3.062
4	52.9	-2.366
4	52.9	-2.527
4	52.9	-3.254
4	52.9	-3.662
4	52.9	-2.954
4	52.9	-2.263
4	52.9	-2.957
4	53	-3.44
4	53	-3.804
4	53	-3.372
4	53	-2.908
4	53	-2.915
4	53	-3.655
4	53	-3.662
4	53	-3.613
4	53	-3.235
4	53	-3.193
4	53.1	-3.643
4	53.1	-3.906
4	53.1	-3.767
4	53.1	-3.42
4	53.1	-3.42
4	53.1	-3.667
4	53.1	-3.804
4	53.1	-3.291
4	53.1	-3.274
4	53.1	-3.198
4	53.1	-3.555
4	53.2	-3.958
4	53.2	-3.625
4	53.2	-3.267
4	53.2	-3.577
4	53.2	-3.962
4	53.2	-3.967
4	53.2	-3.494
4	53.2	-3.01
4	53.2	-3.596
4	53.2	-3.892
4	53.2	-3.979
4	53.3	-4.05
4	53.3	-3.77
4	53.3	-3.76
4	53.3	-3.994
4	53.3	-4.014
4	53.3	-4.058
4	53.3	-3.779
4	53.3	-3.694
4	53.3	-4.121
4	53.3	-4.316
4	53.3	-3.875
4	53.3	-3.813
4	53.4	-3.73
4	53.4	-4.158
4	53.4	-4.282
4	53.4	-4.019
4	53.4	-4.075
4	53.4	-4.292
4	53.4	-4.312
4	53.4	-4.285
4	53.4	-4.114
4	53.4	-4.011
4	53.5	-4.292
4	53.5	-4.351
4	53.5	-4.26
4	53.5	-4.006
4	53.5	-4.219
4	53.5	-4.265
4	53.5	-4.312
4	53.5	-4.348
4	53.5	-4.194
4	53.5	-4.333
4	53.5	-4.302
4	53.6	-4.343
4	53.6	-4.348
4	53.6	-4.346
4	53.6	-4.26
4	53.6	-4.336
4	53.6	-4.253
4	53.6	-4.341
4	53.6	-4.348
4	53.6	-4.346
4	53.6	-4.248
4	53.6	-4.321
4	53.7	-4.326
4	53.7	-4.348
4	53.7	-4.309
4	53.7	-4.307
4	53.7	-4.192
4	53.7	-4.221
4	53.7	-4.316
4	53.7	-4.236
4	53.7	-3.945
4	53.7	-4.16
4	53.7	-4.265
4	53.8	-4.265
4	53.8	-4.033
4	53.8	-3.926
4	53.8	-4.155
4	53.8	-4.072
4	53.8	-4.26
4	53.8	-4.167
4	53.8	-4.121
4	53.8	-3.723
4	53.8	-3.894
4	53.8	-3.95
4	53.9	-4.06
4	53.9	-3.813
4	53.9	-3.437
4	53.9	-3.728
4	53.9	-3.872
4	53.9	-3.953
4	53.9	-3.704
4	53.9	-3.684
4	53.9	-3.745
4	53.9	-3.926
4	54	-3.667
4	54	-3.511
4	54	-2.878
4	54	-3.511
4	54	-4.006
4	54	-3.738
4	54	-2.842
4	54	-2.5
4	54	-3.398
4	54	-3.303
4	54	-2.512
4	54.1	-1.89
4	54.1	-2.307
4	54.1	-2.104
4	54.1	-2.217
4	54.1	-2.3
4	54.1	-2.563
4	54.1	-1.992
4	54.1	-2.187
4	54.1	-2.461
4	54.1	-2.434
4	54.1	-1.948
4	54.2	-1.782
4	54.2	-2.009
4	54.2	-2.268
4	54.2	-2.102
4	54.2	-1.96
4	54.2	-2.153
4	54.2	-1.689
4	54.2	-2.302
4	54.2	-2.148
4	54.2	-1.624
4	54.2	-1.516
4	54.3	-1.948
4	54.3	-2.119
4	54.3	-2.026
4	54.3	-1.221
4	54.3	-1.394
4	54.3	-2.375
4	54.3	-1.814
4	54.3	-1.492
4	54.3	-1.843
4	54.3	-1.445
4	54.3	-1.157
4	54.4	-1.626
4	54.4	-1.394
4	54.4	-1.428
4	54.4	-1.14
4	54.4	-1.079
4	54.4	-1.775
4	54.4	-1.594
4	54.4	-0.923
4	54.4	-0.999
4	54.4	-1.396
4	54.4	-1.482
4	54.5	-1.184
4	54.5	-0.957
4	54.5	-1.089
4	54.5	-1.301
4	54.5	-1.318
4	54.5	-1.094
4	54.5	-0.862
4	54.5	-0.82
4	54.5	-1.426
4	54.5	-1.375
4	54.5	-0.818
4	54.6	-0.835
4	54.6	-0.925
4	54.6	-1.013
4	54.6	-0.854
4	54.6	-0.774
4	54.6	-0.811
4	54.6	-1.099
4	54.6	-1.116
4	54.6	-1.011
4	54.6	-0.876
4	54.6	-0.845
4	54.7	-0.906
4	54.7	-1.533
4	54.7	-1.299
4	54.7	-0.857
4	54.7	-0.857
4	54.7	-1.067
4	54.7	-1.099
4	54.7	-0.864
4	54.7	-0.725
4	54.7	-1.013
4	54.7	-1.111
4	54.8	-1.016
4	54.8	-0.92
4	54.8	-0.764
4	54.8	-0.879
4	54.8	-0.825
4	54.8	-0.999
4	54.8	-0.75
4	54.8	-0.686
4	54.8	-0.596
4	54.8	-1.248
4	54.8	-0.842
4	54.9	-0.61
4	54.9	-0.781
4	54.9	-0.662
4	54.9	-0.598
4	54.9	-0.635
4	54.9	-0.898
4	54.9	-0.61
4	54.9	-0.505
4	54.9	-0.498
4	54.9	-0.754
4	55	-0.586
4	55	-0.503
4	55	-0.498
4	55	-0.503
4	55	-0.559
4	55	-0.508
4	55	-0.498
4	55	-0.498
4	55	-0.508
4	55	-0.508
4	55	-0.566
4	55.1	-0.522
4	55.1	-0.811
4	55.1	-0.601
4	55.1	-0.5
4	55.1	-0.52
4	55.1	-0.63
4	55.1	-0.884
4	55.1	-0.613
4	55.1	-0.508
4	55.1	-0.735
4	55.1	-0.967
4	55.2	-0.901
4	55.2	-0.654
4	55.2	-0.64
4	55.2	-0.64
4	55.2	-1.077
4	55.2	-0.999
4	55.2	-0.806
4	55.2	-0.608
4	55.2	-0.828
4	55.2	-1.306
4	55.2	-1.028
4	55.3	-0.93
4	55.3	-0.762
4	55.3	-1.011
4	55.3	-1.035
4	55.3	-1.121
4	55.3	-0.862
4	55.3	-0.898
4	55.3	-0.803
4	55.3	-1.155
4	55.3	-1.091
4	55.3	-0.771
4	55.4	-0.93
4	55.4	-1.15
4	55.4	-1.467
4	55.4	-1.152
4	55.4	-1.025
4	55.4	-1.248
4	55.4	-1.367
4	55.4	-1.362
4	55.4	-2.334
4	55.4	-2.053
4	55.4	-1.038
4	55.5	-1.514
4	55.5	-1.711
4	55.5	-2.07
4	55.5	-1.653
4	55.5	-1.37
4	55.5	-1.592
4	55.5	-2.043
4	55.5	-2.373
4	55.5	-2.698
4	55.5	-2.234
4	55.6	-1.917
4	55.6	-2.124
4	55.6	-2.949
4	55.6	-3.298
4	55.6	-2.227
4	55.6	-2.122
4	55.6	-2.871
4	55.6	-3.152
4	55.6	-2.603
4	55.6	-2.444
4	55.6	-3.008
4	55.6	-3.245
4	55.7	-3.203
4	55.7	-3.062
4	55.7	-3.115
4	55.7	-3.03
4	55.7	-3.184
4	55.7	-3.948
4	55.7	-3.64
4	55.7	-3.027
4	55.7	-3.818
4	55.7	-4.001
4	55.7	-4.26
4	55.8	-3.84
4	55.8	-3.896
4	55.8	-3.916
4	55.8	-3.682
4	55.8	-3.997
4	55.8	-4.275
4	55.8	-4.26
4	55.8	-3.792
4	55.8	-3.855
4	55.8	-4.089
4	55.8	-4.348
4	55.9	-4.204
4	55.9	-4.023
4	55.9	-4.304
4	55.9	-4.336
4	55.9	-4.338
4	55.9	-4.341
4	55.9	-4.351
4	55.9	-4.351
4	55.9	-4.348
4	55.9	-4.287
4	55.9	-4.214
4	56	-4.17
4	56	-4.148
4	56	-4.321
4	56	-4.014
4	56	-4.219
4	56	-4.326
4	56	-4.336
4	56	-4.253
4	56	-4.17
4	56	-4.194
4	56	-4.204
4	56.1	-4.28
4	56.1	-4.106
4	56.1	-4.041
4	56.1	-3.97
4	56.1	-4.255
4	56.1	-4.175
4	56.1	-4.138
4	56.1	-3.887
4	56.1	-4.165
4	56.1	-4.304
4	56.1	-4.292
4	56.2	-4.299
4	56.2	-4.089
4	56.2	-4.287
4	56.2	-4.324
4	56.2	-4.287
4	56.2	-4.041
4	56.2	-4.111
4	56.2	-4.116
4	56.2	-4.304
4	56.2	-4.287
4	56.3	-3.989
4	56.3	-4.153
4	56.3	-4.043
4	56.3	-4.258
4	56.3	-4.114
4	56.3	-3.923
4	56.3	-3.909
4	56.3	-4.17
4	56.3	-4.128
4	56.3	-4.265
4	56.3	-3.992
4	56.4	-3.135
4	56.4	-3.752
4	56.4	-4.009
4	56.4	-4.036
4	56.4	-3.315
4	56.4	-3.04
4	56.4	-3.665
4	56.4	-4.099
4	56.4	-3.591
4	56.4	-3.269
4	56.4	-3.003
4	56.5	-2.979
4	56.5	-3.611
4	56.5	-3.557
4	56.5	-2.954
4	56.5	-2.664
4	56.5	-3.186
4	56.5	-3.354
4	56.5	-2.986
4	56.5	-2.195
4	56.5	-2.729
4	56.5	-3.105
4	56.6	-3.093
4	56.6	-3.13
4	56.6	-2.742
4	56.6	-2.559
4	56.6	-2.771
4	56.6	-2.91
4	56.6	-3.289
4	56.6	-2.517
4	56.6	-1.997
4	56.6	-2.969
4	56.6	-3.257
4	56.7	-2.961
4	56.7	-1.997
4	56.7	-2.175
4	56.7	-3.02
4	56.7	-2.998
4	56.7	-2.288
4	56.7	-2.026
4	56.7	-2.336
4	56.7	-2.058
4	56.7	-1.946
4	56.7	-1.78
4	56.8	-1.624
4	56.8	-1.467
4	56.8	-2.029
4	56.8	-1.641
4	56.8	-1.282
4	56.8	-1.223
4	56.8	-1.208
4	56.8	-1.296
4	56.8	-1.731
4	56.8	-1.482
4	56.8	-1.213
4	56.9	-0.898
4	56.9	-1.499
4	56.9	-1.572
4	56.9	-0.962
4	56.9	-0.625
4	56.9	-0.999
4	56.9	-1.079
4	56.9	-1.279
4	56.9	-0.725
4	56.9	-0.596
4	56.9	-0.82
4	57	-1.301
4	57	-0.752
4	57	-0.715
4	57	-0.845
4	57	-0.747
4	57	-1.062
4	57	-1.194
4	57	-0.896
4	57	-0.688
4	57	-0.652
4	57	-0.994
4	57.1	-1.138
4	57.1	-0.557
4	57.1	-0.498
4	57.1	-0.693
4	57.1	-0.73
4	57.1	-0.574
4	57.1	-0.51
4	57.1	-0.493
4	57.1	-0.518
4	57.1	-0.627
4	57.1	-0.627
4	57.2	-0.496
4	57.2	-0.549
4	57.2	-0.483
4	57.2	-0.657
4	57.2	-0.542
4	57.2	-0.483
4	57.2	-0.51
4	57.2	-0.522
4	57.2	-0.488
4	57.2	-0.483
4	57.3	-0.483
4	57.3	-0.515
4	57.3	-0.522
4	57.3	-0.481
4	57.3	-0.569
4	57.3	-0.491
4	57.3	-0.62
4	57.3	-0.664
4	57.3	-0.486
4	57.3	-0.496
4	57.3	-0.569
4	57.4	-0.671
4	57.4	-0.62
4	57.4	-0.676
4	57.4	-0.632
4	57.4	-0.823
4	57.4	-0.786
4	57.4	-1.318
4	57.4	-0.852
4	57.4	-0.625
4	57.4	-0.793
4	57.4	-1.648
4	57.5	-1.909
4	57.5	-0.779
4	57.5	-0.964
4	57.5	-1.238
4	57.5	-1.824
4	57.5	-1.338
4	57.5	-1.348
4	57.5	-1.301
4	57.5	-1.77
4	57.5	-1.821
4	57.5	-1.692
4	57.6	-1.807
4	57.6	-2.014
4	57.6	-2.393
4	57.6	-2.896
4	57.6	-1.899
4	57.6	-1.648
4	57.6	-2.629
4	57.6	-2.322
4	57.6	-2.336
4	57.6	-2.588
4	57.6	-2.297
4	57.7	-1.831
4	57.7	-2.083
4	57.7	-2.69
4	57.7	-2.786
4	57.7	-1.819
4	57.7	-2.068
4	57.7	-3.276
4	57.7	-2.81
4	57.7	-2.551
4	57.7	-2.639
4	57.8	-3.101
4	57.8	-3.142
4	57.8	-3.008
4	57.8	-2.493
4	57.8	-2.664
4	57.8	-2.993
4	57.8	-2.932
4	57.8	-3.242
4	57.8	-3.025
4	57.8	-3.027
4	57.8	-3.21
4	57.8	-3.647
4	57.9	-3.184
4	57.9	-3.245
4	57.9	-2.778
4	57.9	-3.157
4	57.9	-3.459
4	57.9	-3.467
4	57.9	-3.462
4	57.9	-3.264
4	57.9	-3.628
4	57.9	-3.555
4	57.9	-3.889
4	58	-3.496
4	58	-3.354
4	58	-3.55
4	58	-4.08
4	58	-3.789
4	58	-3.21
4	58	-3.796
4	58	-4.023
4	58	-4.084
4	58	-3.967
4	58	-4.048
4	58.1	-3.613
4	58.1	-3.909
4	58.1	-4.175
4	58.1	-4.158
4	58.1	-3.948
4	58.1	-3.921
4	58.1	-4.182
4	58.1	-4.307
4	58.1	-4.26
4	58.1	-4.077
4	58.1	-4.243
4	58.2	-4.326
4	58.2	-4.348
4	58.2	-4.341
4	58.2	-4.246
4	58.2	-4.194
4	58.2	-4.353
4	58.2	-4.348
4	58.2	-4.27
4	58.2	-4.292
4	58.2	-4.224
4	58.3	-4.353
4	58.3	-4.312
4	58.3	-4.299
4	58.3	-4.358
4	58.3	-4.351
4	58.3	-4.348
4	58.3	-4.297
4	58.3	-4.304
4	58.3	-4.189
4	58.3	-4.353
4	58.3	-4.36
4	58.4	-4.211
4	58.4	-4.255
4	58.4	-4.36
4	58.4	-4.36
4	58.4	-4.292
4	58.4	-4.153
4	58.4	-4.133
4	58.4	-4.363
4	58.4	-4.285
4	58.4	-4.155
4	58.4	-4.297
4	58.5	-4.238
4	58.5	-4.187
4	58.5	-4.29
4	58.5	-4.231
4	58.5	-4.055
4	58.5	-4.087
4	58.5	-4.248
4	58.5	-4.355
4	58.5	-4.15
4	58.5	-3.772
4	58.5	-4.114
4	58.6	-4.312
4	58.6	-4.263
4	58.6	-4.033
4	58.6	-3.958
4	58.6	-3.896
4	58.6	-4.241
4	58.6	-4.231
4	58.6	-3.892
4	58.6	-3.818
4	58.6	-3.848
4	58.6	-4.236
4	58.7	-4.17
4	58.7	-4.143
4	58.7	-4.106
4	58.7	-4.202
4	58.7	-4.175
4	58.7	-4.167
4	58.7	-4.048
4	58.7	-4.058
4	58.7	-4.185
4	58.7	-4.292
4	58.8	-4.319
4	58.8	-3.64
4	58.8	-3.806
4	58.8	-4.197
4	58.8	-4.319
4	58.8	-3.921
4	58.8	-3.809
4	58.8	-3.821
4	58.8	-4.221
4	58.8	-4.084
4	58.8	-3.909
4	58.9	-3.928
4	58.9	-4.043
4	58.9	-4.075
4	58.9	-4.236
4	58.9	-4.192
4	58.9	-4.062
4	58.9	-3.938
4	58.9	-4.001
4	58.9	-4.209
4	58.9	-3.928
4	58.9	-3.772
4	58.9	-3.777
4	59	-4.065
4	59	-3.638
4	59	-3.752
4	59	-3.916
4	59	-3.796
4	59	-3.923
4	59	-4.182
4	59	-4.233
4	59	-3.669
4	59	-3.835
4	59	-4.009
4	59.1	-4.294
4	59.1	-3.789
4	59.1	-3.34
4	59.1	-3.813
4	59.1	-3.892
4	59.1	-4.075
4	59.1	-3.743
4	59.1	-3.311
4	59.1	-3.494
4	59.1	-3.691
4	59.1	-3.665
4	59.2	-3.447
4	59.2	-3.174
4	59.2	-3.333
4	59.2	-3.521
4	59.2	-3.652
4	59.2	-3.232
4	59.2	-2.676
4	59.2	-3.088
4	59.2	-3.552
4	59.2	-3.743
4	59.3	-2.983
4	59.3	-2.603
4	59.3	-2.622
4	59.3	-3.296
4	59.3	-2.764
4	59.3	-2.231
4	59.3	-2.261
4	59.3	-2.524
4	59.3	-2.876
4	59.3	-2.605
4	59.3	-2.349
4	59.4	-2.092
4	59.4	-2.532
4	59.4	-2.751
4	59.4	-2.754
4	59.4	-2.305
4	59.4	-1.88
4	59.4	-2.036
4	59.4	-2.449
4	59.4	-2.322
4	59.4	-2.051
4	59.4	-1.812
4	59.5	-1.824
4	59.5	-2.305
4	59.5	-2.187
4	59.5	-1.863
4	59.5	-1.697
4	59.5	-1.628
4	59.5	-1.599
4	59.5	-1.819
4	59.5	-1.787
4	59.5	-1.809
4	59.5	-1.816
4	59.6	-1.995
4	59.6	-1.921
4	59.6	-1.45
4	59.6	-0.923
4	59.6	-0.876
4	59.6	-1.484
4	59.6	-1.748
4	59.6	-1.44
4	59.6	-0.964
4	59.6	-1.086
4	59.6	-1.353
4	59.7	-1.428
4	59.7	-1.326
4	59.7	-1.047
4	59.7	-1.064
4	59.7	-1.279
4	59.7	-1.626
4	59.7	-1.145
4	59.7	-1.082
4	59.7	-0.923
4	59.7	-1.177
4	59.7	-1.208
4	59.8	-0.979
4	59.8	-1.023
4	59.8	-1.172
4	59.8	-1.24
4	59.8	-1.033
4	59.8	-1.038
4	59.8	-0.933
4	59.8	-0.874
4	59.8	-1.072
4	59.8	-1.035
4	59.9	-0.796
4	59.9	-0.549
4	59.9	-0.82
4	59.9	-1.169
4	59.9	-1.348
4	59.9	-0.64
4	59.9	-0.657
4	59.9	-1.006
4	59.9	-1.03
4	59.9	-0.806
4	59.9	-0.591
5	0	-0.73
5	0	-0.977
5	0	-0.911
5	0	-0.818
5	0	-0.715
5	0	-0.835
5	0	-0.786
5	0	-0.53
5	0	-0.835
5	0	-0.676
5	0	-0.471
5	0	-0.481
5	0.1	-0.735
5	0.1	-0.598
5	0.1	-0.474
5	0.1	-0.518
5	0.1	-0.503
5	0.1	-0.525
5	0.1	-0.479
5	0.1	-0.486
5	0.1	-0.486
5	0.1	-0.476
5	0.2	-0.525
5	0.2	-0.491
5	0.2	-0.491
5	0.2	-0.51
5	0.2	-0.498
5	0.2	-0.486
5	0.2	-0.471
5	0.2	-0.806
5	0.2	-0.825
5	0.2	-0.564
5	0.2	-0.52
5	0.3	-0.574
5	0.3	-0.691
5	0.3	-0.847
5	0.3	-0.684
5	0.3	-0.557
5	0.3	-0.728
5	0.3	-0.967
5	0.3	-0.728
5	0.3	-0.549
5	0.3	-0.525
5	0.3	-0.942
5	0.4	-1.172
5	0.4	-0.693
5	0.4	-0.959
5	0.4	-0.591
5	0.4	-0.535
5	0.4	-0.901
5	0.4	-0.811
5	0.4	-0.62
5	0.4	-0.566
5	0.4	-1.011
5	0.4	-1.392
5	0.5	-1.135
5	0.5	-0.686
5	0.5	-0.718
5	0.5	-0.74
5	0.5	-1.038
5	0.5	-1.001
5	0.5	-0.752
5	0.5	-0.752
5	0.5	-0.898
5	0.5	-1.069
5	0.5	-0.959
5	0.6	-0.903
5	0.6	-0.657
5	0.6	-1.169
5	0.6	-1.399
5	0.6	-1.108
5	0.6	-1.016
5	0.6	-1.067
5	0.6	-1.245
5	0.6	-1.196
5	0.6	-1.707
5	0.6	-1.46
5	0.7	-1.099
5	0.7	-1.086
5	0.7	-1.758
5	0.7	-1.75
5	0.7	-1.624
5	0.7	-0.991
5	0.7	-1.155
5	0.7	-1.787
5	0.7	-2.153
5	0.7	-1.533
5	0.7	-1.372
5	0.8	-1.624
5	0.8	-1.653
5	0.8	-2.014
5	0.8	-1.763
5	0.8	-1.565
5	0.8	-1.523
5	0.8	-1.926
5	0.8	-1.802
5	0.8	-1.851
5	0.8	-1.233
5	0.9	-1.47
5	0.9	-1.987
5	0.9	-1.995
5	0.9	-1.914
5	0.9	-1.472
5	0.9	-1.514
5	0.9	-1.582
5	0.9	-2.275
5	0.9	-1.655
5	0.9	-1.575
5	0.9	-1.619
5	1	-2.07
5	1	-2.378
5	1	-1.741
5	1	-1.265
5	1	-1.819
5	1	-2.446
5	1	-1.838
5	1	-2.258
5	1	-1.594
5	1	-1.541
5	1	-2.002
5	1.1	-1.934
5	1.1	-1.79
5	1.1	-1.506
5	1.1	-1.313
5	1.1	-2.258
5	1.1	-2.114
5	1.1	-1.313
5	1.1	-1.621
5	1.1	-1.721
5	1.1	-1.697
5	1.1	-1.88
5	1.1	-1.77
5	1.2	-1.643
5	1.2	-1.599
5	1.2	-1.277
5	1.2	-2.129
5	1.2	-1.733
5	1.2	-1.023
5	1.2	-1.538
5	1.2	-2.173
5	1.2	-2.224
5	1.2	-1.387
5	1.2	-1.257
5	1.3	-1.533
5	1.3	-2.173
5	1.3	-1.929
5	1.3	-1.892
5	1.3	-1.416
5	1.3	-1.489
5	1.3	-2.488
5	1.3	-2.241
5	1.3	-1.675
5	1.3	-1.375
5	1.4	-1.606
5	1.4	-1.919
5	1.4	-2.354
5	1.4	-1.184
5	1.4	-1.401
5	1.4	-1.77
5	1.4	-1.934
5	1.4	-1.709
5	1.4	-1.477
5	1.4	-1.382
5	1.4	-1.77
5	1.5	-1.924
5	1.5	-1.946
5	1.5	-1.633
5	1.5	-0.935
5	1.5	-1.301
5	1.5	-2.17
5	1.5	-1.685
5	1.5	-1.135
5	1.5	-1.343
5	1.5	-1.487
5	1.5	-1.819
5	1.6	-1.68
5	1.6	-1.309
5	1.6	-1.592
5	1.6	-2.053
5	1.6	-2.134
5	1.6	-2.187
5	1.6	-1.772
5	1.6	-1.694
5	1.6	-2.476
5	1.6	-2.505
5	1.6	-2.175
5	1.7	-1.877
5	1.7	-1.96
5	1.7	-2.109
5	1.7	-2.612
5	1.7	-2.896
5	1.7	-2.798
5	1.7	-2.009
5	1.7	-2.1
5	1.7	-3.091
5	1.7	-2.844
5	1.7	-1.809
5	1.8	-2.368
5	1.8	-3.083
5	1.8	-2.876
5	1.8	-2.278
5	1.8	-2.166
5	1.8	-2.896
5	1.8	-3.093
5	1.8	-2.939
5	1.8	-2.766
5	1.8	-2.441
5	1.9	-2.419
5	1.9	-3.027
5	1.9	-3.12
5	1.9	-3.098
5	1.9	-2.62
5	1.9	-2.529
5	1.9	-2.7
5	1.9	-3.232
5	1.9	-3.223
5	1.9	-2.656
5	1.9	-2.83
5	2	-3.225
5	2	-3.452
5	2	-3.098
5	2	-2.861
5	2	-3.022
5	2	-3.269
5	2	-3.613
5	2	-3.589
5	2	-2.727
5	2	-3.196
5	2	-3.594
5	2.1	-3.237
5	2.1	-3.501
5	2.1	-3.008
5	2.1	-3.589
5	2.1	-3.391
5	2.1	-3.489
5	2.1	-3.215
5	2.1	-3.391
5	2.1	-3.506
5	2.1	-3.857
5	2.1	-3.586
5	2.2	-3.281
5	2.2	-3.149
5	2.2	-3.245
5	2.2	-3.657
5	2.2	-3.835
5	2.2	-3.765
5	2.2	-2.888
5	2.2	-3.142
5	2.2	-3.538
5	2.2	-3.718
5	2.2	-3.599
5	2.2	-3.269
5	2.3	-3.022
5	2.3	-3.682
5	2.3	-3.718
5	2.3	-3.867
5	2.3	-3.518
5	2.3	-3.074
5	2.3	-3.899
5	2.3	-3.85
5	2.3	-3.799
5	2.3	-3.484
5	2.4	-3.501
5	2.4	-3.501
5	2.4	-4.094
5	2.4	-3.892
5	2.4	-3.188
5	2.4	-3.052
5	2.4	-3.86
5	2.4	-3.831
5	2.4	-2.969
5	2.4	-2.429
5	2.4	-3.074
5	2.5	-3.667
5	2.5	-3.499
5	2.5	-3.513
5	2.5	-3.037
5	2.5	-3.032
5	2.5	-3.093
5	2.5	-3.655
5	2.5	-3.325
5	2.5	-3.164
5	2.5	-2.537
5	2.5	-3.035
5	2.6	-3.789
5	2.6	-2.734
5	2.6	-2.415
5	2.6	-2.495
5	2.6	-3.105
5	2.6	-3.125
5	2.6	-2.898
5	2.6	-2.5
5	2.6	-3.005
5	2.6	-3.069
5	2.6	-3.098
5	2.7	-2.742
5	2.7	-2.29
5	2.7	-2.581
5	2.7	-3.088
5	2.7	-3.127
5	2.7	-2.651
5	2.7	-2.375
5	2.7	-2.524
5	2.7	-2.815
5	2.7	-2.537
5	2.7	-2.861
5	2.8	-2.488
5	2.8	-2.2
5	2.8	-2.81
5	2.8	-3.325
5	2.8	-2.815
5	2.8	-2.361
5	2.8	-2.397
5	2.8	-3.02
5	2.8	-3.279
5	2.8	-2.463
5	2.9	-1.982
5	2.9	-2.217
5	2.9	-2.781
5	2.9	-2.944
5	2.9	-2.49
5	2.9	-2.183
5	2.9	-2.427
5	2.9	-2.82
5	2.9	-3.086
5	2.9	-2.388
5	2.9	-1.895
5	3	-2.354
5	3	-2.751
5	3	-2.568
5	3	-2.532
5	3	-2.686
5	3	-2.876
5	3	-2.578
5	3	-2.725
5	3	-2.598
5	3	-1.87
5	3	-2.112
5	3.1	-2.683
5	3.1	-2.949
5	3.1	-2.251
5	3.1	-2.219
5	3.1	-2.561
5	3.1	-2.988
5	3.1	-2.686
5	3.1	-2.39
5	3.1	-2.759
5	3.1	-3.037
5	3.1	-2.961
5	3.2	-2.576
5	3.2	-2.581
5	3.2	-2.571
5	3.2	-2.827
5	3.2	-2.839
5	3.2	-3.152
5	3.2	-2.212
5	3.2	-2.134
5	3.2	-2.683
5	3.2	-2.913
5	3.2	-2.402
5	3.3	-2.104
5	3.3	-2.412
5	3.3	-3.174
5	3.3	-2.915
5	3.3	-2.478
5	3.3	-2.437
5	3.3	-2.498
5	3.3	-2.629
5	3.3	-2.625
5	3.3	-3.049
5	3.3	-2.466
5	3.4	-2.559
5	3.4	-2.622
5	3.4	-2.834
5	3.4	-2.29
5	3.4	-1.885
5	3.4	-2.617
5	3.4	-2.913
5	3.4	-3.315
5	3.4	-2.742
5	3.4	-2.361
5	3.4	-2.583
5	3.5	-3.32
5	3.5	-3.367
5	3.5	-2.734
5	3.5	-2.292
5	3.5	-3.132
5	3.5	-3.645
5	3.5	-3.027
5	3.5	-3.484
5	3.5	-3.225
5	3.5	-3.679
5	3.5	-3.225
5	3.6	-3.333
5	3.6	-3.01
5	3.6	-3.276
5	3.6	-3.313
5	3.6	-3.699
5	3.6	-3.677
5	3.6	-2.786
5	3.6	-3.147
5	3.6	-3.423
5	3.6	-3.872
5	3.6	-3.743
5	3.7	-3.523
5	3.7	-3.062
5	3.7	-3.582
5	3.7	-3.606
5	3.7	-3.779
5	3.7	-3.525
5	3.7	-2.847
5	3.7	-3.274
5	3.7	-3.44
5	3.7	-3.501
5	3.7	-3.325
5	3.8	-2.959
5	3.8	-3.503
5	3.8	-3.875
5	3.8	-3.533
5	3.8	-3.367
5	3.8	-3.457
5	3.8	-3.721
5	3.8	-3.547
5	3.8	-3.494
5	3.8	-3.296
5	3.9	-2.998
5	3.9	-3.198
5	3.9	-3.459
5	3.9	-3.748
5	3.9	-2.886
5	3.9	-2.764
