Time - Voltage	Amplitude - Voltage	
7	23.5	-0.703
7	23.5	-0.698
7	23.5	-0.452
7	23.5	-0.42
7	23.6	-0.515
7	23.6	-0.706
7	23.6	-0.776
7	23.6	-0.62
7	23.6	-0.552
7	23.6	-0.593
7	23.6	-0.615
7	23.6	-0.696
7	23.6	-0.996
7	23.6	-0.5
7	23.6	-0.62
7	23.7	-0.735
7	23.7	-0.581
7	23.7	-0.596
7	23.7	-0.518
7	23.7	-0.605
7	23.7	-0.706
7	23.7	-0.884
7	23.7	-0.642
7	23.7	-0.632
7	23.7	-0.476
7	23.7	-0.662
7	23.8	-0.84
7	23.8	-0.586
7	23.8	-0.613
7	23.8	-0.723
7	23.8	-0.957
7	23.8	-0.605
7	23.8	-0.591
7	23.8	-0.481
7	23.8	-0.596
7	23.8	-0.691
7	23.8	-0.73
7	23.9	-0.542
7	23.9	-0.435
7	23.9	-0.625
7	23.9	-0.698
7	23.9	-0.479
7	23.9	-0.452
7	23.9	-0.706
7	23.9	-0.642
7	23.9	-0.818
7	23.9	-0.767
7	23.9	-0.706
7	24	-0.728
7	24	-0.713
7	24	-0.774
7	24	-0.674
7	24	-0.535
7	24	-0.593
7	24	-0.625
7	24	-0.813
7	24	-0.642
7	24	-0.623
7	24.1	-0.703
7	24.1	-0.823
7	24.1	-1.047
7	24.1	-0.85
7	24.1	-0.815
7	24.1	-0.562
7	24.1	-0.703
7	24.1	-1.365
7	24.1	-0.92
7	24.1	-0.535
7	24.1	-0.496
7	24.2	-0.676
7	24.2	-0.879
7	24.2	-0.684
7	24.2	-0.471
7	24.2	-0.767
7	24.2	-1.045
7	24.2	-0.813
7	24.2	-0.549
7	24.2	-0.544
7	24.2	-0.642
7	24.2	-0.605
7	24.2	-0.742
7	24.3	-0.547
7	24.3	-0.686
7	24.3	-0.693
7	24.3	-1.174
7	24.3	-1.482
7	24.3	-0.728
7	24.3	-0.471
7	24.3	-0.674
7	24.3	-0.635
7	24.3	-0.647
7	24.3	-0.498
7	24.4	-0.461
7	24.4	-0.54
7	24.4	-0.798
7	24.4	-0.793
7	24.4	-0.679
7	24.4	-0.469
7	24.4	-0.588
7	24.4	-0.591
7	24.4	-0.781
7	24.4	-0.503
7	24.4	-0.764
7	24.5	-0.649
7	24.5	-0.642
7	24.5	-0.63
7	24.5	-0.532
7	24.5	-0.427
7	24.5	-0.437
7	24.5	-0.557
7	24.5	-0.605
7	24.5	-0.474
7	24.5	-0.427
7	24.6	-0.527
7	24.6	-0.632
7	24.6	-0.513
7	24.6	-0.447
7	24.6	-0.53
7	24.6	-0.515
7	24.6	-0.591
7	24.6	-0.444
7	24.6	-0.437
7	24.6	-0.432
7	24.6	-0.439
7	24.7	-0.61
7	24.7	-0.469
7	24.7	-0.422
7	24.7	-0.422
7	24.7	-0.615
7	24.7	-0.618
7	24.7	-0.422
7	24.7	-0.439
7	24.7	-0.579
7	24.7	-0.767
7	24.7	-0.503
7	24.8	-0.522
7	24.8	-0.476
7	24.8	-0.469
7	24.8	-0.466
7	24.8	-0.569
7	24.8	-0.435
7	24.8	-0.479
7	24.8	-0.43
7	24.8	-0.623
7	24.8	-0.61
7	24.8	-0.432
7	24.9	-0.427
7	24.9	-0.51
7	24.9	-0.603
7	24.9	-0.522
7	24.9	-0.444
7	24.9	-0.454
7	24.9	-0.637
7	24.9	-0.52
7	24.9	-0.459
7	24.9	-0.435
7	25	-0.427
7	25	-0.559
7	25	-0.815
7	25	-0.698
7	25	-0.449
7	25	-0.513
7	25	-0.581
7	25	-0.776
7	25	-0.549
7	25	-0.464
7	25	-0.579
7	25.1	-0.603
7	25.1	-0.691
7	25.1	-0.598
7	25.1	-0.54
7	25.1	-0.598
7	25.1	-1.147
7	25.1	-1.05
7	25.1	-0.615
7	25.1	-0.491
7	25.1	-0.669
7	25.1	-0.647
7	25.2	-0.627
7	25.2	-0.93
7	25.2	-0.566
7	25.2	-0.776
7	25.2	-0.632
7	25.2	-0.786
7	25.2	-0.908
7	25.2	-0.547
7	25.2	-0.427
7	25.2	-1.111
7	25.2	-0.974
7	25.3	-0.449
7	25.3	-0.447
7	25.3	-0.63
7	25.3	-1.189
7	25.3	-0.693
7	25.3	-0.537
7	25.3	-0.505
7	25.3	-0.586
7	25.3	-0.605
7	25.3	-0.571
7	25.3	-0.596
7	25.4	-0.461
7	25.4	-0.579
7	25.4	-0.698
7	25.4	-0.503
7	25.4	-0.469
7	25.4	-0.583
7	25.4	-0.483
7	25.4	-0.862
7	25.4	-0.847
7	25.4	-0.708
7	25.4	-0.562
7	25.5	-0.691
7	25.5	-0.84
7	25.5	-0.771
7	25.5	-0.496
7	25.5	-0.439
7	25.5	-0.73
7	25.5	-0.813
7	25.5	-0.862
7	25.5	-0.569
7	25.5	-0.552
7	25.5	-0.791
7	25.6	-0.901
7	25.6	-0.64
7	25.6	-0.632
7	25.6	-0.757
7	25.6	-0.854
7	25.6	-0.937
7	25.6	-0.837
7	25.6	-0.713
7	25.6	-0.771
7	25.6	-1.399
7	25.6	-1.003
7	25.7	-0.779
7	25.7	-0.823
7	25.7	-0.908
7	25.7	-1.15
7	25.7	-1.167
7	25.7	-1.138
7	25.7	-0.767
7	25.7	-1.062
7	25.7	-1.155
7	25.7	-1.626
7	25.7	-1.321
7	25.8	-0.85
7	25.8	-1.008
7	25.8	-1.899
7	25.8	-1.362
7	25.8	-0.894
7	25.8	-1.44
7	25.8	-1.245
7	25.8	-1.89
7	25.8	-1.252
7	25.8	-1.194
7	25.8	-1.272
7	25.9	-1.401
7	25.9	-1.643
7	25.9	-1.543
7	25.9	-1.594
7	25.9	-1.577
7	25.9	-2.129
7	25.9	-2.102
7	25.9	-2.08
7	25.9	-1.58
7	25.9	-1.528
7	26	-1.653
7	26	-2.178
7	26	-1.694
7	26	-0.833
7	26	-1.348
7	26	-1.995
7	26	-2.217
7	26	-1.443
7	26	-1.008
7	26	-1.545
7	26	-2.019
7	26.1	-1.814
7	26.1	-1.631
7	26.1	-1.204
7	26.1	-1.26
7	26.1	-1.956
7	26.1	-1.958
7	26.1	-1.133
7	26.1	-1.14
7	26.1	-1.675
7	26.1	-1.284
7	26.1	-1.931
7	26.2	-1.528
7	26.2	-0.969
7	26.2	-1.382
7	26.2	-1.431
7	26.2	-1.516
7	26.2	-1.443
7	26.2	-0.974
7	26.2	-1.66
7	26.2	-2.024
7	26.2	-1.301
7	26.2	-1.279
7	26.3	-1.096
7	26.3	-1.021
7	26.3	-1.523
7	26.3	-1.436
7	26.3	-1.013
7	26.3	-0.793
7	26.3	-0.71
7	26.3	-1.311
7	26.3	-1.165
7	26.3	-0.684
7	26.4	-1.05
7	26.4	-1.133
7	26.4	-1.294
7	26.4	-1.204
7	26.4	-1.079
7	26.4	-0.75
7	26.4	-0.83
7	26.4	-1.016
7	26.4	-1.614
7	26.4	-1.108
7	26.4	-0.588
7	26.5	-1.096
7	26.5	-1.038
7	26.5	-0.93
7	26.5	-0.618
7	26.5	-0.654
7	26.5	-0.991
7	26.5	-1.589
7	26.5	-0.937
7	26.5	-0.664
7	26.5	-0.92
7	26.5	-1.426
7	26.5	-1.562
7	26.6	-1.367
7	26.6	-0.669
7	26.6	-0.957
7	26.6	-1.321
7	26.6	-1.047
7	26.6	-1.199
7	26.6	-0.684
7	26.6	-0.513
7	26.6	-1.06
7	26.6	-1.101
7	26.6	-0.881
7	26.7	-0.645
7	26.7	-0.627
7	26.7	-0.911
7	26.7	-0.962
7	26.7	-0.847
7	26.7	-0.864
7	26.7	-0.889
7	26.7	-0.947
7	26.7	-1.008
7	26.7	-0.725
7	26.7	-0.52
7	26.8	-0.649
7	26.8	-0.73
7	26.8	-0.574
7	26.8	-0.564
7	26.8	-0.562
7	26.8	-0.496
7	26.8	-0.798
7	26.8	-0.757
7	26.8	-0.713
7	26.8	-0.474
7	26.9	-0.452
7	26.9	-1.025
7	26.9	-1.226
7	26.9	-0.596
7	26.9	-0.649
7	26.9	-0.84
7	26.9	-0.859
7	26.9	-0.918
7	26.9	-0.657
7	26.9	-0.586
7	26.9	-0.615
7	27	-0.488
7	27	-0.676
7	27	-0.62
7	27	-0.464
7	27	-0.461
7	27	-0.603
7	27	-0.735
7	27	-0.728
7	27	-0.43
7	27	-0.425
7	27	-0.5
7	27.1	-0.532
7	27.1	-0.427
7	27.1	-0.444
7	27.1	-0.564
7	27.1	-0.452
7	27.1	-0.435
7	27.1	-0.886
7	27.1	-1.841
7	27.1	-1.633
7	27.1	-1.606
7	27.1	-1.79
7	27.2	-2.932
7	27.2	-3.733
7	27.2	-3.696
7	27.2	-3.928
7	27.2	-3.989
7	27.2	-4.382
7	27.2	-4.546
7	27.2	-4.534
7	27.2	-4.482
7	27.2	-4.543
7	27.2	-4.465
7	27.3	-4.243
7	27.3	-4.167
7	27.3	-4.258
7	27.3	-4.287
7	27.3	-3.97
7	27.3	-3.977
7	27.3	-3.838
7	27.3	-4.048
7	27.3	-3.794
7	27.3	-3.049
7	27.4	-2.979
7	27.4	-3.389
7	27.4	-3.948
7	27.4	-3.633
7	27.4	-2.903
7	27.4	-2.214
7	27.4	-3.069
7	27.4	-2.961
7	27.4	-2.126
7	27.4	-2.161
7	27.4	-1.433
7	27.5	-1.624
7	27.5	-1.765
7	27.5	-1.389
7	27.5	-1.362
7	27.5	-1.191
7	27.5	-1.104
7	27.5	-1.362
7	27.5	-1.06
7	27.5	-0.884
7	27.5	-0.767
7	27.5	-0.759
7	27.6	-1.045
7	27.6	-0.625
7	27.6	-0.42
7	27.6	-0.42
7	27.6	-0.486
7	27.6	-0.422
7	27.6	-0.444
7	27.6	-0.527
7	27.6	-0.554
7	27.6	-0.476
7	27.6	-0.425
7	27.6	-0.64
7	27.7	-0.686
7	27.7	-0.627
7	27.7	-0.427
7	27.7	-0.432
7	27.7	-0.542
7	27.7	-0.652
7	27.7	-0.454
7	27.7	-0.454
7	27.7	-0.442
7	27.7	-0.422
7	27.8	-0.532
7	27.8	-0.459
7	27.8	-0.432
7	27.8	-0.789
7	27.8	-1.174
7	27.8	-0.979
7	27.8	-0.913
7	27.8	-0.981
7	27.8	-0.85
7	27.8	-1.221
7	27.8	-1.113
7	27.9	-1.116
7	27.9	-0.933
7	27.9	-1.187
7	27.9	-1.443
7	27.9	-1.553
7	27.9	-1.401
7	27.9	-0.908
7	27.9	-1.284
7	27.9	-1.648
7	27.9	-2.07
7	27.9	-1.714
7	28	-1.506
7	28	-1.953
7	28	-2.322
7	28	-2.2
7	28	-1.99
7	28	-1.875
7	28	-2.349
7	28	-2.371
7	28	-2.312
7	28	-2.449
7	28	-2.266
7	28.1	-2.256
7	28.1	-2.927
7	28.1	-3.125
7	28.1	-2.986
7	28.1	-2.712
7	28.1	-2.717
7	28.1	-3
7	28.1	-3.22
7	28.1	-3.108
7	28.1	-3.12
7	28.1	-3.135
7	28.2	-3.42
7	28.2	-3.701
7	28.2	-3.184
7	28.2	-2.722
7	28.2	-2.961
7	28.2	-3.418
7	28.2	-3.572
7	28.2	-3.42
7	28.2	-2.8
7	28.2	-3.457
7	28.2	-4.099
7	28.3	-3.809
7	28.3	-3.386
7	28.3	-3.452
7	28.3	-3.884
7	28.3	-4.133
7	28.3	-4.246
7	28.3	-3.984
7	28.3	-4.199
7	28.3	-4.219
7	28.3	-4.407
7	28.4	-4.495
7	28.4	-4.521
7	28.4	-4.565
7	28.4	-4.57
7	28.4	-4.565
7	28.4	-4.465
7	28.4	-4.539
7	28.4	-4.568
7	28.4	-4.438
7	28.4	-4.346
7	28.4	-4.209
7	28.5	-4.358
7	28.5	-4.407
7	28.5	-4.377
7	28.5	-3.994
7	28.5	-4.436
7	28.5	-4.26
7	28.5	-4.226
7	28.5	-4.338
7	28.5	-3.97
7	28.5	-4.077
7	28.5	-4.233
7	28.6	-4.497
7	28.6	-3.997
7	28.6	-3.909
7	28.6	-3.181
7	28.6	-3.713
7	28.6	-4.077
7	28.6	-3.928
7	28.6	-3.42
7	28.6	-3.674
7	28.6	-4.07
7	28.6	-3.406
7	28.7	-3.811
7	28.7	-3.379
7	28.7	-3.948
7	28.7	-3.85
7	28.7	-4.036
7	28.7	-3.733
7	28.7	-3.503
7	28.7	-3.289
7	28.7	-3.662
7	28.7	-3.655
7	28.7	-2.295
7	28.8	-2.366
7	28.8	-2.722
7	28.8	-3.601
7	28.8	-3.184
7	28.8	-2.578
7	28.8	-1.938
7	28.8	-2.534
7	28.8	-3.169
7	28.8	-2.625
7	28.8	-2.48
7	28.8	-2.402
7	28.9	-2.473
7	28.9	-2.561
7	28.9	-2.28
7	28.9	-2.109
7	28.9	-1.807
7	28.9	-1.521
7	28.9	-2.239
7	28.9	-1.882
7	28.9	-1.072
7	28.9	-1.003
7	28.9	-1.509
7	29	-1.414
7	29	-1.238
7	29	-1.238
7	29	-1.016
7	29	-1.184
7	29	-1.917
7	29	-1.589
7	29	-0.857
7	29	-0.911
7	29	-1.069
7	29	-1.616
7	29.1	-1.096
7	29.1	-0.715
7	29.1	-0.691
7	29.1	-0.657
7	29.1	-0.691
7	29.1	-0.679
7	29.1	-0.571
7	29.1	-0.537
7	29.1	-0.569
7	29.1	-0.61
7	29.1	-0.852
7	29.2	-0.771
7	29.2	-0.552
7	29.2	-0.474
7	29.2	-0.574
7	29.2	-0.72
7	29.2	-0.457
7	29.2	-0.457
7	29.2	-0.469
7	29.2	-0.457
7	29.2	-0.466
7	29.2	-0.603
7	29.3	-0.681
7	29.3	-0.625
7	29.3	-0.498
7	29.3	-0.701
7	29.3	-1.082
7	29.3	-1.353
7	29.3	-0.72
7	29.3	-0.669
7	29.3	-0.913
7	29.3	-1.196
7	29.4	-0.979
7	29.4	-1.055
7	29.4	-1.284
7	29.4	-0.95
7	29.4	-1.709
7	29.4	-1.379
7	29.4	-1.589
7	29.4	-1.033
7	29.4	-1.143
7	29.4	-1.689
7	29.4	-2.039
7	29.5	-1.807
7	29.5	-1.831
7	29.5	-2.187
7	29.5	-1.89
7	29.5	-2.2
7	29.5	-1.67
7	29.5	-1.462
7	29.5	-2.087
7	29.5	-2.295
7	29.5	-1.985
7	29.5	-1.792
7	29.6	-1.658
7	29.6	-2
7	29.6	-2.795
7	29.6	-2.466
7	29.6	-1.892
7	29.6	-1.936
7	29.6	-2.427
7	29.6	-2.644
7	29.6	-2.886
7	29.6	-2.229
7	29.6	-2.373
7	29.7	-2.583
7	29.7	-3.372
7	29.7	-3.135
7	29.7	-3.018
7	29.7	-2.607
7	29.7	-3.23
7	29.7	-3.252
7	29.7	-3.049
7	29.7	-3.389
7	29.7	-2.937
7	29.7	-3.752
7	29.8	-4.126
7	29.8	-3.818
7	29.8	-3.293
7	29.8	-3.74
7	29.8	-4.109
7	29.8	-4.368
7	29.8	-4.18
7	29.8	-4.011
7	29.8	-4.304
7	29.8	-4.534
7	29.8	-4.583
7	29.9	-4.375
7	29.9	-4.023
7	29.9	-4.236
7	29.9	-4.573
7	29.9	-4.539
7	29.9	-4.524
7	29.9	-4.448
7	29.9	-4.495
7	29.9	-4.575
7	29.9	-4.575
7	29.9	-4.575
7	30	-4.556
7	30	-4.556
7	30	-4.463
7	30	-4.314
7	30	-4.546
7	30	-4.492
7	30	-4.492
7	30	-4.443
7	30	-4.297
7	30	-4.509
7	30	-4.48
7	30.1	-4.226
7	30.1	-4.29
7	30.1	-4.521
7	30.1	-4.407
7	30.1	-4.541
7	30.1	-4.353
7	30.1	-3.889
7	30.1	-3.918
7	30.1	-4.231
7	30.1	-4.177
7	30.1	-3.906
7	30.2	-3.411
7	30.2	-4.055
7	30.2	-4.099
7	30.2	-3.838
7	30.2	-3.794
7	30.2	-3.728
7	30.2	-3.474
7	30.2	-3.923
7	30.2	-3.665
7	30.2	-3.291
7	30.3	-3.269
7	30.3	-3.174
7	30.3	-2.981
7	30.3	-3.247
7	30.3	-3.003
7	30.3	-2.671
7	30.3	-2.756
7	30.3	-3.147
7	30.3	-3.008
7	30.3	-2.947
7	30.3	-2.561
7	30.4	-2.764
7	30.4	-2.803
7	30.4	-2.354
7	30.4	-2.009
7	30.4	-2.407
7	30.4	-2.581
7	30.4	-2.527
7	30.4	-2.119
7	30.4	-1.824
7	30.4	-1.843
7	30.4	-1.86
7	30.5	-2.371
7	30.5	-2.061
7	30.5	-1.528
7	30.5	-1.497
7	30.5	-1.621
7	30.5	-1.643
7	30.5	-1.619
7	30.5	-1.643
7	30.5	-1.23
7	30.5	-1.699
7	30.5	-1.833
7	30.6	-1.003
7	30.6	-1.101
7	30.6	-1.274
7	30.6	-1.804
7	30.6	-1.87
7	30.6	-0.947
7	30.6	-0.801
7	30.6	-1.301
7	30.6	-1.487
7	30.6	-1.255
7	30.6	-0.808
7	30.7	-0.793
7	30.7	-1.064
7	30.7	-1.199
7	30.7	-0.75
7	30.7	-0.664
7	30.7	-0.579
7	30.7	-0.657
7	30.7	-1.035
7	30.7	-0.566
7	30.7	-0.464
7	30.8	-0.532
7	30.8	-0.51
7	30.8	-0.457
7	30.8	-0.444
7	30.8	-0.442
7	30.8	-0.437
7	30.8	-0.464
7	30.8	-0.437
7	30.8	-0.552
7	30.8	-0.461
7	30.8	-0.579
7	30.9	-0.542
7	30.9	-0.432
7	30.9	-0.425
7	30.9	-0.461
7	30.9	-0.647
7	30.9	-0.488
7	30.9	-0.435
7	30.9	-0.596
7	30.9	-0.579
7	30.9	-1.001
7	30.9	-0.803
7	31	-0.652
7	31	-0.613
7	31	-0.647
7	31	-1.04
7	31	-1.331
7	31	-0.601
7	31	-0.691
7	31	-1.074
7	31	-0.913
7	31	-1.077
7	31	-0.806
7	31	-0.791
7	31.1	-1.025
7	31.1	-1.484
7	31.1	-1.284
7	31.1	-1.243
7	31.1	-1.14
7	31.1	-1.218
7	31.1	-1.448
7	31.1	-1.763
7	31.1	-1.458
7	31.1	-1.248
7	31.1	-1.548
7	31.2	-1.594
7	31.2	-1.736
7	31.2	-1.128
7	31.2	-1.521
7	31.2	-2.266
7	31.2	-2.393
7	31.2	-2.061
7	31.2	-1.98
7	31.2	-2.148
7	31.2	-2.908
7	31.3	-2.585
7	31.3	-1.78
7	31.3	-1.982
7	31.3	-2.432
7	31.3	-2.935
7	31.3	-2.424
7	31.3	-2.529
7	31.3	-1.987
7	31.3	-2.581
7	31.3	-2.244
7	31.3	-2.451
7	31.4	-2.544
7	31.4	-1.863
7	31.4	-1.941
7	31.4	-2.764
7	31.4	-2.834
7	31.4	-1.912
7	31.4	-2.129
7	31.4	-2.349
7	31.4	-3.364
7	31.4	-2.869
7	31.4	-2.407
7	31.5	-2.29
7	31.5	-2.566
7	31.5	-2.695
7	31.5	-2.834
7	31.5	-2.373
7	31.5	-2.034
7	31.5	-2.7
7	31.5	-2.944
7	31.5	-3.271
7	31.5	-2.432
7	31.5	-2.366
7	31.6	-3.059
7	31.6	-3.003
7	31.6	-3.181
7	31.6	-3.425
7	31.6	-3.052
7	31.6	-3.401
7	31.6	-3.767
7	31.6	-3.794
7	31.6	-3.479
7	31.6	-3.374
7	31.6	-4.009
7	31.7	-4.404
7	31.7	-3.76
7	31.7	-3.223
7	31.7	-3.87
7	31.7	-4.299
7	31.7	-4.429
7	31.7	-3.975
7	31.7	-3.801
7	31.7	-4.209
7	31.7	-4.524
7	31.8	-4.509
7	31.8	-4.407
7	31.8	-4.177
7	31.8	-4.312
7	31.8	-4.541
7	31.8	-4.536
7	31.8	-4.265
7	31.8	-4.402
7	31.8	-4.565
7	31.8	-4.59
7	31.8	-4.592
7	31.9	-4.585
7	31.9	-4.595
7	31.9	-4.548
7	31.9	-4.592
7	31.9	-4.507
7	31.9	-4.417
7	31.9	-4.595
7	31.9	-4.509
7	31.9	-3.997
7	31.9	-4.055
7	31.9	-4.414
7	32	-4.36
7	32	-4.006
7	32	-3.855
7	32	-4.175
7	32	-4.353
7	32	-4.009
7	32	-4.148
7	32	-4.058
7	32	-3.755
7	32	-3.501
7	32	-3.853
7	32.1	-3.662
7	32.1	-3.391
7	32.1	-3.352
7	32.1	-3.723
7	32.1	-3.867
7	32.1	-2.927
7	32.1	-3.03
7	32.1	-2.935
7	32.1	-3.616
7	32.1	-3.464
7	32.1	-2.898
7	32.2	-2.537
7	32.2	-3.032
7	32.2	-3.306
7	32.2	-3.406
7	32.2	-3.071
7	32.2	-2.847
7	32.2	-3.413
7	32.2	-3.232
7	32.2	-3.252
7	32.2	-2.581
7	32.2	-2.7
7	32.3	-2.798
7	32.3	-2.776
7	32.3	-2.622
7	32.3	-2.344
7	32.3	-2.195
7	32.3	-2.871
7	32.3	-3.464
7	32.3	-2.559
7	32.3	-2.173
7	32.3	-2.483
7	32.3	-3.152
7	32.4	-3.054
7	32.4	-2.483
7	32.4	-1.523
7	32.4	-2.002
7	32.4	-2.468
7	32.4	-1.975
7	32.4	-1.467
7	32.4	-1.409
7	32.4	-1.453
7	32.4	-1.741
7	32.4	-1.763
7	32.5	-1.345
7	32.5	-1.321
7	32.5	-1.177
7	32.5	-1.948
7	32.5	-1.777
7	32.5	-1.079
7	32.5	-1.099
7	32.5	-1.528
7	32.5	-1.658
7	32.5	-1.038
7	32.5	-0.652
7	32.6	-0.664
7	32.6	-0.654
7	32.6	-0.798
7	32.6	-1.013
7	32.6	-0.581
7	32.6	-0.439
7	32.6	-0.588
7	32.6	-1.211
7	32.6	-0.676
7	32.6	-0.503
7	32.7	-0.591
7	32.7	-0.652
7	32.7	-0.62
7	32.7	-0.549
7	32.7	-0.439
7	32.7	-0.488
7	32.7	-0.439
7	32.7	-0.442
7	32.7	-0.444
7	32.7	-0.569
7	32.7	-0.835
7	32.8	-0.83
7	32.8	-0.63
7	32.8	-0.698
7	32.8	-1.335
7	32.8	-1.404
7	32.8	-0.974
7	32.8	-0.952
7	32.8	-1.016
7	32.8	-1.106
7	32.8	-1.594
7	32.8	-0.969
7	32.9	-0.637
7	32.9	-1.279
7	32.9	-1.536
7	32.9	-1.462
7	32.9	-1.172
7	32.9	-1.121
7	32.9	-2.004
7	32.9	-2.036
7	32.9	-1.736
7	32.9	-1.44
7	32.9	-1.409
7	33	-1.27
7	33	-1.88
7	33	-2.402
7	33	-1.914
7	33	-1.445
7	33	-1.775
7	33	-2.576
7	33	-2.605
7	33	-1.946
7	33	-2.036
7	33	-3.203
7	33.1	-3.162
7	33.1	-3.167
7	33.1	-2.588
7	33.1	-3.428
7	33.1	-3.857
7	33.1	-3.679
7	33.1	-3.042
7	33.1	-3.428
7	33.1	-3.428
7	33.1	-3.865
7	33.2	-4.16
7	33.2	-3.85
7	33.2	-3.735
7	33.2	-3.948
7	33.2	-4.272
7	33.2	-4.304
7	33.2	-4.214
7	33.2	-4.231
7	33.2	-4.487
7	33.2	-4.534
7	33.2	-4.517
7	33.3	-4.575
7	33.3	-4.561
7	33.3	-4.358
7	33.3	-4.478
7	33.3	-4.583
7	33.3	-4.551
7	33.3	-4.446
7	33.3	-4.397
7	33.3	-4.585
7	33.3	-4.58
7	33.3	-4.59
7	33.3	-4.573
7	33.4	-4.536
7	33.4	-4.524
7	33.4	-4.465
7	33.4	-4.47
7	33.4	-4.578
7	33.4	-4.446
7	33.4	-4.182
7	33.4	-3.682
7	33.4	-4.319
7	33.4	-4.414
7	33.4	-4.465
7	33.5	-4.048
7	33.5	-4.304
7	33.5	-4.48
7	33.5	-4.482
7	33.5	-4.482
7	33.5	-4.082
7	33.5	-3.945
7	33.5	-4.368
7	33.5	-4.512
7	33.5	-4.424
7	33.6	-3.884
7	33.6	-3.838
7	33.6	-4.561
7	33.6	-4.475
7	33.6	-4.165
7	33.6	-4.087
7	33.6	-3.972
7	33.6	-4.114
7	33.6	-4.089
7	33.6	-3.777
7	33.6	-4.043
7	33.7	-4.106
7	33.7	-3.726
7	33.7	-4.441
7	33.7	-4.275
7	33.7	-3.301
7	33.7	-4.045
7	33.7	-4.204
7	33.7	-4.204
7	33.7	-3.203
7	33.7	-2.571
7	33.7	-3.774
7	33.8	-3.748
7	33.8	-3.083
7	33.8	-3.281
7	33.8	-2.817
7	33.8	-2.251
7	33.8	-3.169
7	33.8	-3.674
7	33.8	-3.057
7	33.8	-2.649
7	33.8	-2.429
7	33.8	-2.661
7	33.9	-2.861
7	33.9	-2.288
7	33.9	-1.785
7	33.9	-1.96
7	33.9	-2.109
7	33.9	-1.931
7	33.9	-1.909
7	33.9	-1.824
7	33.9	-2.046
7	33.9	-1.951
7	33.9	-1.956
7	34	-1.716
7	34	-1.477
7	34	-2.051
7	34	-2.466
7	34	-2.214
7	34	-1.716
7	34	-1.965
7	34	-2.18
7	34	-1.953
7	34	-2.029
7	34.1	-1.509
7	34.1	-1.245
7	34.1	-1.343
7	34.1	-1.843
7	34.1	-1.333
7	34.1	-1.025
7	34.1	-1.299
7	34.1	-1.643
7	34.1	-2.058
7	34.1	-1.165
7	34.1	-0.662
7	34.2	-1.262
7	34.2	-1.138
7	34.2	-0.854
7	34.2	-0.693
7	34.2	-0.688
7	34.2	-0.718
7	34.2	-0.513
7	34.2	-0.669
7	34.2	-0.728
7	34.2	-0.427
7	34.2	-0.503
7	34.3	-0.815
7	34.3	-0.835
7	34.3	-0.537
7	34.3	-0.425
7	34.3	-0.515
7	34.3	-0.867
7	34.3	-0.483
7	34.3	-0.464
7	34.3	-0.515
7	34.3	-0.432
7	34.3	-0.598
7	34.4	-0.903
7	34.4	-0.635
7	34.4	-0.425
7	34.4	-0.42
7	34.4	-0.457
7	34.4	-0.645
7	34.4	-0.422
7	34.4	-0.422
7	34.4	-0.444
7	34.4	-0.432
7	34.4	-0.439
7	34.4	-0.43
7	34.5	-0.432
7	34.5	-0.435
7	34.5	-0.437
7	34.5	-0.457
7	34.5	-0.43
7	34.5	-0.498
7	34.5	-0.706
7	34.5	-0.466
7	34.5	-0.439
7	34.5	-0.469
7	34.6	-0.591
7	34.6	-0.955
7	34.6	-0.669
7	34.6	-0.486
7	34.6	-0.649
7	34.6	-0.979
7	34.6	-1.106
7	34.6	-0.664
7	34.6	-0.637
7	34.6	-0.769
7	34.6	-1.387
7	34.7	-0.879
7	34.7	-0.757
7	34.7	-0.627
7	34.7	-1.003
7	34.7	-1.523
7	34.7	-1.055
7	34.7	-1.003
7	34.7	-1.04
7	34.7	-1.294
7	34.7	-1.384
7	34.7	-1.848
7	34.8	-1.326
7	34.8	-1.453
7	34.8	-1.565
7	34.8	-1.66
7	34.8	-1.311
7	34.8	-1.333
7	34.8	-2.236
7	34.8	-2.444
7	34.8	-2.534
7	34.8	-1.819
7	34.8	-2.234
7	34.9	-2.046
7	34.9	-2.402
7	34.9	-2.708
7	34.9	-2.908
7	34.9	-1.995
7	34.9	-1.572
7	34.9	-2.019
7	34.9	-2.615
7	34.9	-2.156
7	34.9	-1.929
7	34.9	-2.336
7	35	-2.258
7	35	-2.393
7	35	-2.131
7	35	-2.017
7	35	-2.1
7	35	-2.896
7	35	-2.285
7	35	-2.461
7	35	-2.18
7	35	-2.241
7	35.1	-2.529
7	35.1	-2.615
7	35.1	-2.192
7	35.1	-2.163
7	35.1	-2.549
7	35.1	-2.935
7	35.1	-2.717
7	35.1	-2.671
7	35.1	-2.891
7	35.1	-2.998
7	35.1	-3.213
7	35.2	-3.562
7	35.2	-3.23
7	35.2	-2.917
7	35.2	-3.384
7	35.2	-3.547
7	35.2	-3.521
7	35.2	-3.076
7	35.2	-3.149
7	35.2	-3.391
7	35.2	-3.748
7	35.2	-3.76
7	35.3	-3.435
7	35.3	-3.269
7	35.3	-4.109
7	35.3	-4.08
7	35.3	-3.923
7	35.3	-3.127
7	35.3	-3.455
7	35.3	-4.211
7	35.3	-3.896
7	35.3	-3.254
7	35.3	-3.376
7	35.4	-3.613
7	35.4	-3.472
7	35.4	-3.713
7	35.4	-3.491
7	35.4	-3.54
7	35.4	-3.738
7	35.4	-3.757
7	35.4	-3.921
7	35.4	-3.857
7	35.4	-3.403
7	35.4	-3.162
7	35.5	-3.979
7	35.5	-3.94
7	35.5	-3.772
7	35.5	-3.091
7	35.5	-3.733
7	35.5	-4.014
7	35.5	-3.743
7	35.5	-3.293
7	35.5	-3.613
7	35.5	-4.004
7	35.6	-3.875
7	35.6	-3.896
7	35.6	-3.762
7	35.6	-4.114
7	35.6	-3.911
7	35.6	-4.153
7	35.6	-3.953
7	35.6	-4.109
7	35.6	-4.29
7	35.6	-4.429
7	35.6	-4.563
7	35.6	-4.243
7	35.7	-4.309
7	35.7	-4.39
7	35.7	-4.465
7	35.7	-4.587
7	35.7	-4.59
7	35.7	-4.517
7	35.7	-4.509
7	35.7	-4.58
7	35.7	-4.583
7	35.7	-4.578
7	35.7	-4.521
7	35.8	-4.534
7	35.8	-4.59
7	35.8	-4.509
7	35.8	-4.57
7	35.8	-4.565
7	35.8	-4.529
7	35.8	-4.59
7	35.8	-4.592
7	35.8	-4.585
7	35.8	-4.421
7	35.8	-4.578
7	35.9	-4.587
7	35.9	-4.553
7	35.9	-4.597
7	35.9	-4.565
7	35.9	-4.59
7	35.9	-4.568
7	35.9	-4.551
7	35.9	-4.59
7	35.9	-4.587
7	35.9	-4.568
7	36	-4.451
7	36	-4.563
7	36	-4.541
7	36	-4.541
7	36	-4.431
7	36	-4.104
7	36	-4.302
7	36	-4.341
7	36	-4.521
7	36	-4.268
7	36	-3.936
7	36.1	-4.277
7	36.1	-4.529
7	36.1	-4.099
7	36.1	-3.828
7	36.1	-4.099
7	36.1	-3.955
7	36.1	-4.065
7	36.1	-3.948
7	36.1	-4.172
7	36.1	-3.921
7	36.1	-4.05
7	36.2	-4.17
7	36.2	-4.314
7	36.2	-3.943
7	36.2	-3.789
7	36.2	-4.277
7	36.2	-4.402
7	36.2	-4.473
7	36.2	-4.023
7	36.2	-3.865
7	36.2	-4.482
7	36.2	-4.431
7	36.3	-4.133
7	36.3	-4.119
7	36.3	-3.955
7	36.3	-3.772
7	36.3	-4.121
7	36.3	-3.86
7	36.3	-3.557
7	36.3	-3.774
7	36.3	-3.892
7	36.3	-4.033
7	36.3	-3.801
7	36.4	-3.13
7	36.4	-2.964
7	36.4	-3.494
7	36.4	-3.379
7	36.4	-3.452
7	36.4	-3.218
7	36.4	-3.271
7	36.4	-3.257
7	36.4	-3.511
7	36.4	-2.983
7	36.5	-2.661
7	36.5	-2.759
7	36.5	-2.92
7	36.5	-2.925
7	36.5	-1.89
7	36.5	-1.97
7	36.5	-1.694
7	36.5	-1.938
7	36.5	-2.263
7	36.5	-1.838
7	36.5	-0.984
7	36.6	-1.46
7	36.6	-2.373
7	36.6	-2.312
7	36.6	-1.748
7	36.6	-1.521
7	36.6	-1.606
7	36.6	-2.146
7	36.6	-1.868
7	36.6	-1.282
7	36.6	-1.714
7	36.6	-2.063
7	36.7	-1.729
7	36.7	-1.692
7	36.7	-1.487
7	36.7	-1.501
7	36.7	-1.582
7	36.7	-1.929
7	36.7	-1.667
7	36.7	-1.208
7	36.7	-0.742
7	36.7	-1.392
7	36.7	-1.323
7	36.7	-1.235
7	36.8	-0.662
7	36.8	-0.701
7	36.8	-0.557
7	36.8	-0.569
7	36.8	-0.583
7	36.8	-0.459
7	36.8	-0.43
7	36.8	-0.447
7	36.8	-0.715
7	36.8	-0.464
7	36.9	-0.432
7	36.9	-0.442
7	36.9	-0.488
7	36.9	-0.535
7	36.9	-0.427
7	36.9	-0.503
7	36.9	-0.435
7	36.9	-0.464
7	36.9	-0.432
7	36.9	-0.537
7	36.9	-0.488
7	37	-0.425
7	37	-0.527
7	37	-0.464
7	37	-0.532
7	37	-0.544
7	37	-0.454
7	37	-0.457
7	37	-0.461
7	37	-0.569
7	37	-0.605
7	37	-0.508
7	37.1	-0.461
7	37.1	-0.415
7	37.1	-0.432
7	37.1	-0.947
7	37.1	-0.518
7	37.1	-0.427
7	37.1	-0.471
7	37.1	-0.762
7	37.1	-1.294
7	37.1	-0.867
7	37.1	-0.444
7	37.2	-0.735
7	37.2	-1.472
7	37.2	-0.913
7	37.2	-0.757
7	37.2	-0.742
7	37.2	-0.857
7	37.2	-1.299
7	37.2	-1.182
7	37.2	-0.847
7	37.2	-1.177
7	37.2	-0.935
7	37.3	-1.101
7	37.3	-1.692
7	37.3	-1.267
7	37.3	-0.881
7	37.3	-1.072
7	37.3	-1.604
7	37.3	-2.073
7	37.3	-1.934
7	37.3	-1.396
7	37.3	-2.085
7	37.4	-2.695
7	37.4	-2.222
7	37.4	-2.031
7	37.4	-1.79
7	37.4	-2.297
7	37.4	-2.6
7	37.4	-2.383
7	37.4	-2.036
7	37.4	-1.965
7	37.4	-2.158
7	37.4	-2.764
7	37.5	-2.869
7	37.5	-2.227
7	37.5	-2.229
7	37.5	-2.764
7	37.5	-2.437
7	37.5	-2.559
7	37.5	-2.485
7	37.5	-1.924
7	37.5	-2.522
7	37.5	-3.137
7	37.5	-2.927
7	37.6	-2.354
7	37.6	-2.673
7	37.6	-3.103
7	37.6	-3.589
7	37.6	-2.893
7	37.6	-2.507
7	37.6	-2.698
7	37.6	-2.898
7	37.6	-3.335
7	37.6	-3.389
7	37.6	-2.566
7	37.7	-2.673
7	37.7	-3.403
7	37.7	-3.572
7	37.7	-3.525
7	37.7	-2.808
7	37.7	-3.481
7	37.7	-3.877
7	37.7	-3.628
7	37.7	-3.245
7	37.7	-2.898
7	37.7	-3.054
7	37.8	-3.555
7	37.8	-3.63
7	37.8	-3.418
7	37.8	-3.245
7	37.8	-3.323
7	37.8	-3.452
7	37.8	-3.645
7	37.8	-3.018
7	37.8	-3.274
7	37.8	-3.823
7	37.9	-3.896
7	37.9	-3.994
7	37.9	-3.711
7	37.9	-3.594
7	37.9	-4.033
7	37.9	-4.065
7	37.9	-3.799
7	37.9	-3.975
7	37.9	-3.782
7	37.9	-3.987
7	37.9	-4.092
7	37.9	-4.148
7	38	-4.119
7	38	-4.285
7	38	-4.177
7	38	-4.46
7	38	-4.524
7	38	-4.165
7	38	-4.426
7	38	-4.578
7	38	-4.583
7	38	-4.539
7	38	-4.451
7	38.1	-4.438
7	38.1	-4.585
7	38.1	-4.541
7	38.1	-4.58
7	38.1	-4.551
7	38.1	-4.573
7	38.1	-4.563
7	38.1	-4.539
7	38.1	-4.583
7	38.1	-4.585
7	38.1	-4.468
7	38.2	-4.529
7	38.2	-4.348
7	38.2	-4.417
7	38.2	-4.575
7	38.2	-4.573
7	38.2	-4.226
7	38.2	-3.804
7	38.2	-4.438
7	38.2	-4.539
7	38.2	-4.407
7	38.3	-3.865
7	38.3	-3.958
7	38.3	-4.17
7	38.3	-4.246
7	38.3	-3.513
7	38.3	-3.188
7	38.3	-3.755
7	38.3	-3.779
7	38.3	-3.687
7	38.3	-3.716
7	38.3	-3.704
7	38.4	-3.464
7	38.4	-3.645
7	38.4	-3.857
7	38.4	-3.787
7	38.4	-2.866
7	38.4	-2.876
7	38.4	-3.33
7	38.4	-3.691
7	38.4	-3.225
7	38.4	-2.903
7	38.4	-2.917
7	38.5	-3.264
7	38.5	-3.445
7	38.5	-2.764
7	38.5	-2.598
7	38.5	-2.844
7	38.5	-3.11
7	38.5	-2.278
7	38.5	-2.227
7	38.5	-1.807
7	38.5	-2.529
7	38.5	-2.776
7	38.6	-2.273
7	38.6	-2.219
7	38.6	-2.019
7	38.6	-2.148
7	38.6	-2.217
7	38.6	-1.985
7	38.6	-1.733
7	38.6	-2.024
7	38.6	-1.763
7	38.6	-1.882
7	38.6	-1.711
7	38.7	-1.616
7	38.7	-1.306
7	38.7	-1.201
7	38.7	-1.321
7	38.7	-1.182
7	38.7	-1.074
7	38.7	-0.989
7	38.7	-1.165
7	38.7	-1.243
7	38.7	-1.001
7	38.7	-0.745
7	38.8	-0.615
7	38.8	-1.072
7	38.8	-0.967
7	38.8	-0.657
7	38.8	-0.442
7	38.8	-0.491
7	38.8	-0.635
7	38.8	-0.571
7	38.8	-0.444
7	38.8	-0.452
7	38.9	-0.452
7	38.9	-0.447
7	38.9	-0.444
7	38.9	-0.442
7	38.9	-0.527
7	38.9	-0.51
7	38.9	-0.508
7	38.9	-0.437
7	38.9	-0.437
7	38.9	-0.718
7	38.9	-0.75
7	39	-0.593
7	39	-0.496
7	39	-0.659
7	39	-0.918
7	39	-0.891
7	39	-0.762
7	39	-0.671
7	39	-0.569
7	39	-0.762
7	39	-1.106
7	39	-0.967
7	39	-0.918
7	39.1	-0.828
7	39.1	-0.969
7	39.1	-1.411
7	39.1	-1.165
7	39.1	-1.003
7	39.1	-1.082
7	39.1	-1.768
7	39.1	-1.687
7	39.1	-1.455
7	39.1	-1.145
7	39.1	-1.492
7	39.2	-1.57
7	39.2	-1.772
7	39.2	-2.202
7	39.2	-1.66
7	39.2	-1.252
7	39.2	-1.56
7	39.2	-2.395
7	39.2	-1.863
7	39.2	-1.611
7	39.2	-1.863
7	39.3	-2.446
7	39.3	-2.576
7	39.3	-2.546
7	39.3	-1.816
7	39.3	-2.307
7	39.3	-3.169
7	39.3	-2.917
7	39.3	-2.542
7	39.3	-2.231
7	39.3	-2.866
7	39.3	-3.127
7	39.4	-3.274
7	39.4	-3.127
7	39.4	-2.891
7	39.4	-3.171
7	39.4	-3.835
7	39.4	-3.635
7	39.4	-3
7	39.4	-2.939
7	39.4	-3.486
7	39.4	-3.853
7	39.4	-3.481
7	39.5	-3.538
7	39.5	-3.669
7	39.5	-4.104
7	39.5	-4.141
7	39.5	-4.275
7	39.5	-4.094
7	39.5	-3.953
7	39.5	-3.923
7	39.5	-4.351
7	39.5	-4.485
7	39.5	-4.292
7	39.6	-4.314
7	39.6	-4.399
7	39.6	-4.583
7	39.6	-4.531
7	39.6	-4.5
7	39.6	-4.343
7	39.6	-4.561
7	39.6	-4.575
7	39.6	-4.551
7	39.6	-4.492
7	39.6	-4.529
7	39.7	-4.573
7	39.7	-4.583
7	39.7	-4.553
7	39.7	-4.573
7	39.7	-4.57
7	39.7	-4.58
7	39.7	-4.546
7	39.7	-4.519
7	39.7	-4.531
7	39.7	-4.573
7	39.7	-4.509
7	39.8	-4.407
7	39.8	-4.497
7	39.8	-4.512
7	39.8	-4.575
7	39.8	-4.426
7	39.8	-4.255
7	39.8	-4.133
7	39.8	-4.226
7	39.8	-4.419
7	39.8	-4.536
7	39.8	-4.08
7	39.9	-3.96
7	39.9	-4.424
7	39.9	-4.512
7	39.9	-4.387
7	39.9	-3.916
7	39.9	-3.806
7	39.9	-4.243
7	39.9	-4.402
7	39.9	-3.853
7	39.9	-3.726
7	40	-3.333
7	40	-3.401
7	40	-3.899
7	40	-3.701
7	40	-3.542
7	40	-3.486
7	40	-3.506
7	40	-3.826
7	40	-3.713
7	40	-3.123
7	40	-3.04
7	40.1	-3.396
7	40.1	-3.647
7	40.1	-3.308
7	40.1	-3.147
7	40.1	-2.974
7	40.1	-2.903
7	40.1	-3.035
7	40.1	-3.184
7	40.1	-2.439
7	40.1	-1.904
7	40.1	-2.056
7	40.1	-2.529
7	40.2	-2.686
7	40.2	-2.297
7	40.2	-2.036
7	40.2	-2.029
7	40.2	-2.559
7	40.2	-2.61
7	40.2	-2.175
7	40.2	-1.941
7	40.2	-1.873
7	40.2	-2.471
7	40.2	-2.458
7	40.3	-2.109
7	40.3	-1.765
7	40.3	-1.953
7	40.3	-2.039
7	40.3	-1.892
7	40.3	-1.636
7	40.3	-1.318
7	40.3	-1.265
7	40.3	-1.357
7	40.3	-1.226
7	40.4	-0.845
7	40.4	-0.808
7	40.4	-0.918
7	40.4	-1.072
7	40.4	-0.964
7	40.4	-0.576
7	40.4	-0.725
7	40.4	-0.825
7	40.4	-1.018
7	40.4	-0.698
7	40.4	-0.649
7	40.5	-0.811
7	40.5	-0.647
7	40.5	-0.452
7	40.5	-0.532
7	40.5	-0.464
7	40.5	-0.425
7	40.5	-0.615
7	40.5	-0.593
7	40.5	-0.52
7	40.5	-0.422
7	40.5	-0.425
7	40.6	-0.554
7	40.6	-0.537
7	40.6	-0.427
7	40.6	-0.432
7	40.6	-0.454
7	40.6	-0.437
7	40.6	-0.444
7	40.6	-0.435
7	40.6	-0.437
7	40.6	-0.459
7	40.6	-0.447
7	40.7	-0.476
7	40.7	-0.642
7	40.7	-0.935
7	40.7	-0.635
7	40.7	-0.728
7	40.7	-1.006
7	40.7	-1.094
7	40.7	-0.886
7	40.7	-1.262
7	40.7	-1.128
7	40.7	-0.891
7	40.8	-1.819
7	40.8	-1.372
7	40.8	-0.962
7	40.8	-0.925
7	40.8	-1.064
7	40.8	-1.519
7	40.8	-1.68
7	40.8	-0.92
7	40.8	-1.096
7	40.8	-1.445
7	40.9	-1.787
7	40.9	-2.153
7	40.9	-1.877
7	40.9	-1.482
7	40.9	-1.997
7	40.9	-1.843
7	40.9	-1.987
7	40.9	-2.09
7	40.9	-1.357
7	40.9	-1.941
7	40.9	-2.495
7	41	-2.183
7	41	-1.877
7	41	-2.126
7	41	-2.72
7	41	-2.798
7	41	-2.856
7	41	-2.498
7	41	-2.673
7	41	-2.634
7	41	-3.489
7	41	-3.042
7	41.1	-2.549
7	41.1	-3.052
7	41.1	-3.794
7	41.1	-3.652
7	41.1	-3.479
7	41.1	-3.281
7	41.1	-3.064
7	41.1	-3.521
7	41.1	-3.733
7	41.1	-3.669
7	41.1	-3.467
7	41.2	-3.459
7	41.2	-3.999
7	41.2	-3.796
7	41.2	-3.733
7	41.2	-3.984
7	41.2	-3.975
7	41.2	-4.324
7	41.2	-4.331
7	41.2	-4.106
7	41.2	-4.18
7	41.2	-4.363
7	41.3	-4.5
7	41.3	-4.409
7	41.3	-4.329
7	41.3	-4.463
7	41.3	-4.551
7	41.3	-4.556
7	41.3	-4.524
7	41.3	-4.548
7	41.3	-4.485
7	41.3	-4.46
7	41.3	-4.512
7	41.4	-4.521
7	41.4	-4.521
7	41.4	-4.563
7	41.4	-4.558
7	41.4	-4.504
7	41.4	-4.329
7	41.4	-4.343
7	41.4	-4.514
7	41.4	-4.504
7	41.4	-4.377
7	41.4	-4.231
7	41.5	-4.336
7	41.5	-4.568
7	41.5	-4.365
7	41.5	-4.031
7	41.5	-4.233
7	41.5	-4.329
7	41.5	-4.263
7	41.5	-3.909
7	41.5	-3.599
7	41.5	-3.923
7	41.5	-3.787
7	41.6	-3.306
7	41.6	-3.782
7	41.6	-3.433
7	41.6	-2.646
7	41.6	-3.049
7	41.6	-3.225
7	41.6	-3.003
7	41.6	-2.717
7	41.6	-2.268
7	41.6	-2.776
7	41.6	-3.137
7	41.7	-2.266
7	41.7	-2.007
7	41.7	-1.965
7	41.7	-2.158
7	41.7	-2.18
7	41.7	-2.104
7	41.7	-1.78
7	41.7	-1.67
7	41.7	-1.411
7	41.7	-1.907
7	41.7	-2.288
7	41.8	-1.313
7	41.8	-1.287
7	41.8	-1.597
7	41.8	-1.853
7	41.8	-1.45
7	41.8	-1.294
7	41.8	-1.13
7	41.8	-1.816
7	41.8	-1.88
7	41.8	-1.821
7	41.9	-1.438
7	41.9	-0.918
7	41.9	-1.086
7	41.9	-1.135
7	41.9	-1.477
7	41.9	-1.111
7	41.9	-1.133
7	41.9	-1.13
7	41.9	-1.26
7	41.9	-1.162
7	41.9	-1.211
7	42	-0.891
7	42	-0.613
7	42	-1.277
7	42	-1.128
7	42	-0.857
7	42	-0.632
7	42	-0.686
7	42	-1.074
7	42	-1.128
7	42	-0.557
7	42	-0.608
7	42.1	-0.857
7	42.1	-0.864
7	42.1	-0.901
7	42.1	-0.703
7	42.1	-0.481
7	42.1	-0.488
7	42.1	-0.92
7	42.1	-0.833
7	42.1	-0.664
7	42.1	-0.54
7	42.1	-0.635
7	42.2	-0.657
7	42.2	-0.911
7	42.2	-0.547
7	42.2	-0.72
7	42.2	-0.62
7	42.2	-0.691
7	42.2	-0.706
7	42.2	-0.469
7	42.2	-0.452
7	42.2	-0.452
7	42.2	-0.522
7	42.3	-0.447
7	42.3	-0.435
7	42.3	-0.532
7	42.3	-0.444
7	42.3	-0.442
7	42.3	-0.435
7	42.3	-0.486
7	42.3	-0.454
7	42.3	-0.454
7	42.3	-0.483
7	42.3	-0.442
7	42.4	-0.537
7	42.4	-0.642
7	42.4	-0.979
7	42.4	-0.876
7	42.4	-0.71
7	42.4	-1.006
7	42.4	-1.497
7	42.4	-1.23
7	42.4	-1.084
7	42.4	-1.372
7	42.4	-1.624
7	42.5	-1.68
7	42.5	-1.526
7	42.5	-1.67
7	42.5	-1.416
7	42.5	-1.736
7	42.5	-2.083
7	42.5	-2.219
7	42.5	-1.816
7	42.5	-1.643
7	42.5	-1.99
7	42.5	-2.119
7	42.6	-2.466
7	42.6	-1.917
7	42.6	-2.187
7	42.6	-2.737
7	42.6	-2.681
7	42.6	-2.6
7	42.6	-2.205
7	42.6	-2.014
7	42.6	-2.524
7	42.6	-3.127
7	42.6	-2.832
7	42.7	-2.822
7	42.7	-2.705
7	42.7	-3.167
7	42.7	-3.323
7	42.7	-2.964
7	42.7	-2.798
7	42.7	-2.815
7	42.7	-3.208
7	42.7	-3.506
7	42.7	-3.164
7	42.7	-2.795
7	42.8	-2.749
7	42.8	-2.917
7	42.8	-3.616
7	42.8	-3.101
7	42.8	-2.773
7	42.8	-2.92
7	42.8	-3.628
7	42.8	-3.42
7	42.8	-3.113
7	42.8	-2.786
7	42.8	-2.981
7	42.9	-3.406
7	42.9	-3.364
7	42.9	-3.035
7	42.9	-2.905
7	42.9	-3.01
7	42.9	-3.025
7	42.9	-3.535
7	42.9	-2.891
7	42.9	-2.871
7	42.9	-3.245
7	43	-3.56
7	43	-3.418
7	43	-3.247
7	43	-3.13
7	43	-2.693
7	43	-2.925
7	43	-3.552
7	43	-4.084
7	43	-3.213
7	43	-3.005
7	43	-3.484
7	43.1	-3.94
7	43.1	-3.804
7	43.1	-3.081
7	43.1	-3.608
7	43.1	-3.972
7	43.1	-4.065
7	43.1	-3.445
7	43.1	-3.406
7	43.1	-3.604
7	43.1	-4.038
7	43.1	-3.97
7	43.2	-3.979
7	43.2	-3.667
7	43.2	-3.604
7	43.2	-4.041
7	43.2	-4.248
7	43.2	-3.901
7	43.2	-3.704
7	43.2	-3.755
7	43.2	-4.25
7	43.2	-4.519
7	43.2	-4.26
7	43.3	-4.255
7	43.3	-4.47
7	43.3	-4.534
7	43.3	-4.487
7	43.3	-4.353
7	43.3	-4.351
7	43.3	-4.558
7	43.3	-4.585
7	43.3	-4.573
7	43.3	-4.561
7	43.3	-4.551
7	43.4	-4.587
7	43.4	-4.585
7	43.4	-4.59
7	43.4	-4.583
7	43.4	-4.565
7	43.4	-4.565
7	43.4	-4.592
7	43.4	-4.583
7	43.4	-4.497
7	43.4	-4.592
7	43.5	-4.6
7	43.5	-4.59
7	43.5	-4.597
7	43.5	-4.59
7	43.5	-4.595
7	43.5	-4.536
7	43.5	-4.553
7	43.5	-4.565
7	43.5	-4.546
7	43.5	-4.58
7	43.5	-4.587
7	43.5	-4.497
7	43.6	-4.517
7	43.6	-4.575
7	43.6	-4.58
7	43.6	-4.546
7	43.6	-4.529
7	43.6	-4.539
7	43.6	-4.583
7	43.6	-4.585
7	43.6	-4.534
7	43.6	-4.443
7	43.6	-4.57
7	43.7	-4.583
7	43.7	-4.551
7	43.7	-4.299
7	43.7	-4.211
7	43.7	-4.402
7	43.7	-4.451
7	43.7	-4.448
7	43.7	-4.199
7	43.7	-4.087
7	43.7	-4.302
7	43.7	-4.47
7	43.8	-4.492
7	43.8	-4.48
7	43.8	-4.158
7	43.8	-4.16
7	43.8	-4.556
7	43.8	-4.573
7	43.8	-4.292
7	43.8	-4.072
7	43.8	-4.456
7	43.8	-4.473
7	43.8	-4.368
7	43.9	-4.241
7	43.9	-4.141
7	43.9	-3.857
7	43.9	-4.268
7	43.9	-4.304
7	43.9	-3.918
7	43.9	-3.979
7	43.9	-4.06
7	43.9	-4.304
7	43.9	-4.121
7	44	-3.911
7	44	-4.263
7	44	-4.36
7	44	-3.977
7	44	-4.15
7	44	-4.28
7	44	-4.368
7	44	-4.302
7	44	-4.209
7	44	-4.06
7	44	-4.141
7	44.1	-3.735
7	44.1	-3.84
7	44.1	-4.341
7	44.1	-4.272
7	44.1	-3.75
7	44.1	-3.838
7	44.1	-4.055
7	44.1	-4.08
7	44.1	-3.999
7	44.1	-3.611
7	44.1	-3.782
7	44.2	-4.087
7	44.2	-3.787
7	44.2	-3.623
7	44.2	-3.423
7	44.2	-3.677
7	44.2	-3.96
7	44.2	-3.643
7	44.2	-3.367
7	44.2	-3.594
7	44.2	-3.416
7	44.2	-3.54
7	44.3	-3.921
7	44.3	-3.347
7	44.3	-3.34
7	44.3	-3.455
7	44.3	-3.674
7	44.3	-3.552
7	44.3	-3.223
7	44.3	-2.766
7	44.3	-3.24
7	44.3	-3.25
7	44.3	-3.293
7	44.4	-3.054
7	44.4	-2.476
7	44.4	-2.498
7	44.4	-3.306
7	44.4	-3.181
7	44.4	-2.71
7	44.4	-2.395
7	44.4	-2.581
7	44.4	-2.91
7	44.4	-2.808
7	44.5	-2.566
7	44.5	-2.368
7	44.5	-2.424
7	44.5	-2.395
7	44.5	-2.588
7	44.5	-2
7	44.5	-2.004
7	44.5	-2.617
7	44.5	-2.815
7	44.5	-2.341
7	44.5	-1.697
7	44.6	-2.139
7	44.6	-2.385
7	44.6	-2.986
7	44.6	-2.397
7	44.6	-2.136
7	44.6	-2.236
7	44.6	-2.507
7	44.6	-2.722
7	44.6	-2.373
7	44.6	-2.351
7	44.6	-2.012
7	44.6	-2.178
7	44.7	-2.253
7	44.7	-2.146
7	44.7	-1.348
7	44.7	-1.287
7	44.7	-1.575
7	44.7	-1.626
7	44.7	-1.516
7	44.7	-1.125
7	44.7	-0.903
7	44.7	-1.135
7	44.7	-0.864
7	44.8	-1.16
7	44.8	-0.786
7	44.8	-0.464
7	44.8	-0.601
7	44.8	-0.918
7	44.8	-0.647
7	44.8	-0.613
7	44.8	-0.642
7	44.8	-0.608
7	44.8	-0.527
7	44.8	-0.486
7	44.9	-0.461
7	44.9	-0.439
7	44.9	-0.442
7	44.9	-0.447
7	44.9	-0.591
7	44.9	-0.447
7	44.9	-0.486
7	44.9	-0.486
7	44.9	-0.454
7	44.9	-0.637
7	45	-0.427
7	45	-0.571
7	45	-0.427
7	45	-0.469
7	45	-0.442
7	45	-0.427
7	45	-0.435
7	45	-0.432
7	45	-0.444
7	45	-0.676
7	45	-0.457
7	45.1	-0.588
7	45.1	-0.764
7	45.1	-0.481
7	45.1	-0.481
7	45.1	-0.906
7	45.1	-0.737
7	45.1	-0.537
7	45.1	-0.461
7	45.1	-0.535
7	45.1	-0.674
7	45.1	-0.642
7	45.2	-0.62
7	45.2	-0.569
7	45.2	-0.469
7	45.2	-0.779
7	45.2	-0.967
7	45.2	-0.771
7	45.2	-0.505
7	45.2	-0.718
7	45.2	-0.913
7	45.2	-0.811
7	45.2	-0.823
7	45.3	-0.537
7	45.3	-0.684
7	45.3	-1.025
7	45.3	-1.323
7	45.3	-0.952
7	45.3	-0.706
7	45.3	-0.479
7	45.3	-1.121
7	45.3	-0.964
7	45.3	-0.85
7	45.3	-0.818
7	45.4	-0.896
7	45.4	-1.235
7	45.4	-1.089
7	45.4	-1.082
7	45.4	-0.789
7	45.4	-0.969
7	45.4	-0.913
7	45.4	-1.501
7	45.4	-1.14
7	45.4	-1.101
7	45.4	-1.121
7	45.5	-1.445
7	45.5	-1.838
7	45.5	-1.772
7	45.5	-1.375
7	45.5	-1.262
7	45.5	-1.257
7	45.5	-1.672
7	45.5	-1.858
7	45.5	-1.27
7	45.5	-1.116
7	45.5	-1.147
7	45.6	-1.606
7	45.6	-1.819
7	45.6	-1.538
7	45.6	-1.016
7	45.6	-1.643
7	45.6	-1.902
7	45.6	-1.914
7	45.6	-2.256
7	45.6	-1.917
7	45.6	-1.519
7	45.7	-1.904
7	45.7	-2.063
7	45.7	-2.51
7	45.7	-2.393
7	45.7	-1.675
7	45.7	-2.896
7	45.7	-3.242
7	45.7	-2.292
7	45.7	-2.292
7	45.7	-2.322
7	45.7	-2.561
7	45.7	-3.14
7	45.8	-2.383
7	45.8	-2.058
7	45.8	-2.334
7	45.8	-2.903
7	45.8	-3.372
7	45.8	-2.769
7	45.8	-1.946
7	45.8	-2.107
7	45.8	-3.105
7	45.8	-3.137
7	45.8	-3.376
7	45.9	-3.079
7	45.9	-2.822
7	45.9	-3.098
7	45.9	-2.996
7	45.9	-2.632
7	45.9	-2.661
7	45.9	-3.252
7	45.9	-3.11
7	45.9	-3.389
7	45.9	-3.225
7	45.9	-3.208
7	46	-3.137
7	46	-3.625
7	46	-3.564
7	46	-2.981
7	46	-3.271
7	46	-3.22
7	46	-3.35
7	46	-3.032
7	46	-3.477
7	46	-3.708
7	46	-3.743
7	46.1	-4.172
7	46.1	-4.307
7	46.1	-4.062
7	46.1	-4.189
7	46.1	-4.443
7	46.1	-4.409
7	46.1	-4.375
7	46.1	-4.382
7	46.1	-4.539
7	46.1	-4.495
7	46.2	-4.583
7	46.2	-4.561
7	46.2	-4.575
7	46.2	-4.553
7	46.2	-4.583
7	46.2	-4.475
7	46.2	-4.473
7	46.2	-4.512
7	46.2	-4.578
7	46.2	-4.58
7	46.2	-4.534
7	46.3	-4.275
7	46.3	-4.27
7	46.3	-4.436
7	46.3	-4.468
7	46.3	-4.487
7	46.3	-4.272
7	46.3	-4.297
7	46.3	-4.414
7	46.3	-4.421
7	46.3	-3.992
7	46.3	-3.848
7	46.4	-4.011
7	46.4	-4.05
7	46.4	-3.948
7	46.4	-3.801
7	46.4	-3.704
7	46.4	-4.023
7	46.4	-3.787
7	46.4	-3.806
7	46.4	-3.85
7	46.4	-3.589
7	46.4	-3.525
7	46.5	-4.006
7	46.5	-3.84
7	46.5	-3.169
7	46.5	-3.066
7	46.5	-2.537
7	46.5	-3.279
7	46.5	-3.291
7	46.5	-2.231
7	46.5	-1.917
7	46.5	-1.592
7	46.5	-2.224
7	46.6	-2.341
7	46.6	-2.102
7	46.6	-1.892
7	46.6	-2.095
7	46.6	-1.86
7	46.6	-2.449
7	46.6	-2.505
7	46.6	-1.255
7	46.6	-1.082
7	46.6	-1.724
7	46.6	-1.982
7	46.7	-1.423
7	46.7	-1.248
7	46.7	-1.179
7	46.7	-1.941
7	46.7	-2.026
7	46.7	-1.782
7	46.7	-0.935
7	46.7	-1.238
7	46.7	-1.421
7	46.7	-1.523
7	46.8	-1.738
7	46.8	-1.699
7	46.8	-1.726
7	46.8	-1.729
7	46.8	-2.39
7	46.8	-1.663
7	46.8	-1.174
7	46.8	-1.245
7	46.8	-1.863
7	46.8	-1.626
7	46.8	-0.874
7	46.8	-0.774
7	46.9	-1.016
7	46.9	-1.216
7	46.9	-1.35
7	46.9	-1.309
7	46.9	-0.925
7	46.9	-1.177
7	46.9	-1.077
7	46.9	-1.184
7	46.9	-0.937
7	46.9	-0.95
7	46.9	-0.876
7	47	-0.913
7	47	-0.652
7	47	-0.525
7	47	-0.601
7	47	-0.483
7	47	-0.693
7	47	-0.657
7	47	-0.547
7	47	-0.508
7	47	-0.71
7	47	-0.95
7	47.1	-1.814
7	47.1	-1.113
7	47.1	-0.852
7	47.1	-0.686
7	47.1	-0.432
7	47.1	-0.63
7	47.1	-1.814
7	47.1	-2.073
7	47.1	-1.436
7	47.1	-0.454
7	47.1	-0.444
7	47.2	-0.618
7	47.2	-1.199
7	47.2	-1.76
7	47.2	-2.366
7	47.2	-1.533
7	47.2	-0.579
7	47.2	-0.5
7	47.2	-0.439
7	47.2	-0.515
7	47.2	-0.479
7	47.3	-1.064
7	47.3	-1.558
7	47.3	-1.68
7	47.3	-1.497
7	47.3	-1.023
7	47.3	-1.184
7	47.3	-1.616
7	47.3	-1.863
7	47.3	-1.426
7	47.3	-1.387
7	47.3	-1.858
7	47.4	-1.44
7	47.4	-0.449
7	47.4	-1.145
7	47.4	-2.341
7	47.4	-2.495
7	47.4	-1.899
7	47.4	-1.426
7	47.4	-0.645
7	47.4	-0.491
7	47.4	-0.92
7	47.4	-1.587
7	47.5	-1.658
7	47.5	-1.184
7	47.5	-1.921
7	47.5	-3.289
7	47.5	-3.169
7	47.5	-2.788
7	47.5	-1.567
7	47.5	-0.854
7	47.5	-0.522
7	47.5	-0.427
7	47.5	-0.457
7	47.6	-0.776
7	47.6	-1.118
7	47.6	-1.548
7	47.6	-1.855
7	47.6	-1.948
7	47.6	-1.638
7	47.6	-1.165
7	47.6	-1.409
7	47.6	-1.628
7	47.6	-2.546
7	47.6	-2.349
7	47.7	-3.386
7	47.7	-4.102
7	47.7	-4.17
7	47.7	-3.489
7	47.7	-2.114
7	47.7	-2.251
7	47.7	-2.908
7	47.7	-2.253
7	47.7	-1.196
7	47.7	-1.145
7	47.8	-0.911
7	47.8	-0.952
7	47.8	-0.862
7	47.8	-1.064
7	47.8	-1.875
7	47.8	-2.957
7	47.8	-3.484
7	47.8	-3.66
7	47.8	-2.952
7	47.8	-1.748
7	47.8	-1.702
7	47.9	-1.389
7	47.9	-1.218
7	47.9	-0.779
7	47.9	-1.025
7	47.9	-1.418
7	47.9	-1.865
7	47.9	-1.931
7	47.9	-1.267
7	47.9	-1.575
7	47.9	-2.493
7	47.9	-3.85
7	47.9	-3.118
7	48	-3.237
7	48	-3.94
7	48	-4.36
7	48	-3.943
7	48	-3.896
7	48	-3.345
7	48	-3.276
7	48	-3.394
7	48	-3.181
7	48	-2.925
7	48	-3.076
7	48.1	-3.479
7	48.1	-3.54
7	48.1	-3.196
7	48.1	-2.783
7	48.1	-3.066
7	48.1	-2.986
7	48.1	-3.979
7	48.1	-4.524
7	48.1	-4.531
7	48.1	-4.548
7	48.1	-4.512
7	48.2	-4.333
7	48.2	-4.094
7	48.2	-4.368
7	48.2	-4.524
7	48.2	-4.553
7	48.2	-4.575
7	48.2	-4.087
7	48.2	-3.735
7	48.2	-1.826
7	48.2	-0.972
7	48.3	-0.898
7	48.3	-0.859
7	48.3	-1.868
7	48.3	-3.354
7	48.3	-4.348
7	48.3	-4.397
7	48.3	-3.613
7	48.3	-3.752
7	48.3	-3.848
7	48.3	-4.319
7	48.3	-4.182
7	48.4	-4.204
7	48.4	-4.5
7	48.4	-3.594
7	48.4	-2.776
7	48.4	-1.497
7	48.4	-0.652
7	48.4	-0.576
7	48.4	-0.583
7	48.4	-1.56
7	48.4	-2.629
7	48.4	-3.42
7	48.5	-3.945
7	48.5	-4.109
7	48.5	-4.28
7	48.5	-4.529
7	48.5	-4.578
7	48.5	-4.57
7	48.5	-4.395
7	48.5	-4.165
7	48.5	-4.324
7	48.5	-4.143
7	48.5	-2.957
7	48.6	-2.446
7	48.6	-2.751
7	48.6	-2.385
7	48.6	-3.369
7	48.6	-3.003
7	48.6	-3.364
7	48.6	-3.706
7	48.6	-3.865
7	48.6	-4.197
7	48.6	-4.526
7	48.6	-4.583
7	48.7	-4.59
7	48.7	-4.507
7	48.7	-4.597
7	48.7	-4.585
7	48.7	-4.255
7	48.7	-3.809
7	48.7	-3.328
7	48.7	-3.066
7	48.7	-2.654
7	48.7	-2.417
7	48.8	-3.054
7	48.8	-3.525
7	48.8	-3.535
7	48.8	-3.01
7	48.8	-3.11
7	48.8	-4.312
7	48.8	-4.592
7	48.8	-4.548
7	48.8	-4.585
7	48.8	-4.507
7	48.8	-4.238
7	48.9	-3.887
7	48.9	-3.369
7	48.9	-2.671
7	48.9	-2.219
7	48.9	-2.371
7	48.9	-2.678
7	48.9	-2.505
7	48.9	-2.312
7	48.9	-2.803
7	48.9	-3.245
7	48.9	-4.111
7	49	-3.979
7	49	-3.726
7	49	-4.065
7	49	-4.453
7	49	-4.199
7	49	-3.87
7	49	-3.625
7	49	-3.638
7	49	-3.948
7	49	-3.989
7	49	-3.533
7	49	-3.101
7	49.1	-2.952
7	49.1	-3.711
7	49.1	-3.97
7	49.1	-2.686
7	49.1	-3.269
7	49.1	-3.987
7	49.1	-3.818
7	49.1	-4.192
7	49.1	-4.343
7	49.1	-4.292
7	49.2	-4.414
7	49.2	-4.478
7	49.2	-4.375
7	49.2	-4.48
7	49.2	-3.872
7	49.2	-4.128
7	49.2	-3.901
7	49.2	-2.937
7	49.2	-2.139
7	49.2	-2.224
7	49.2	-2.317
7	49.3	-3.374
7	49.3	-3.291
7	49.3	-3.252
7	49.3	-4.346
7	49.3	-4.539
7	49.3	-4.387
7	49.3	-4.17
7	49.3	-4.309
7	49.3	-4.478
7	49.3	-4.363
7	49.3	-4.519
7	49.4	-4.531
7	49.4	-4.58
7	49.4	-4.368
7	49.4	-4.397
7	49.4	-4.548
7	49.4	-4.507
7	49.4	-4.521
7	49.4	-4.526
7	49.4	-4.57
7	49.4	-4.397
7	49.4	-4.319
7	49.5	-4.407
7	49.5	-4.48
7	49.5	-4.016
7	49.5	-3.625
7	49.5	-4.16
7	49.5	-4.329
7	49.5	-4.233
7	49.5	-3.904
7	49.5	-4.231
7	49.5	-4.424
7	49.5	-4.58
7	49.6	-4.578
7	49.6	-4.526
7	49.6	-4.58
7	49.6	-4.543
7	49.6	-4.575
7	49.6	-4.548
7	49.6	-4.036
7	49.6	-3.601
7	49.6	-3.713
7	49.6	-3.699
7	49.6	-3.315
7	49.7	-2.932
7	49.7	-3.191
7	49.7	-3.032
7	49.7	-3.115
7	49.7	-3.599
7	49.7	-3.94
7	49.7	-4.089
7	49.7	-3.948
7	49.7	-4.06
7	49.7	-3.953
7	49.8	-3.596
7	49.8	-3.425
7	49.8	-3.005
7	49.8	-3.333
7	49.8	-3.201
7	49.8	-2.722
7	49.8	-2.812
7	49.8	-3.215
7	49.8	-3.103
7	49.8	-2.522
7	49.8	-2.466
7	49.9	-3.105
7	49.9	-3.228
7	49.9	-3.638
7	49.9	-3.43
7	49.9	-3.477
7	49.9	-2.6
7	49.9	-3.113
7	49.9	-3.967
7	49.9	-3.428
7	49.9	-3.357
7	49.9	-2.656
7	50	-1.379
7	50	-1.06
7	50	-1.501
7	50	-1.699
7	50	-1.802
7	50	-1.606
7	50	-2.092
7	50	-2.542
7	50	-1.777
7	50	-2.185
7	50	-2.7
7	50.1	-2.847
7	50.1	-2.429
7	50.1	-1.685
7	50.1	-1.245
7	50.1	-1.714
7	50.1	-2.036
7	50.1	-1.431
7	50.1	-1.121
7	50.1	-0.82
7	50.1	-1.76
7	50.1	-1.958
7	50.2	-1.653
7	50.2	-1.174
7	50.2	-2.686
7	50.2	-3.008
7	50.2	-2.839
7	50.2	-2.546
7	50.2	-2.69
7	50.2	-2.285
7	50.2	-2.085
7	50.2	-2.227
7	50.2	-1.892
7	50.3	-1.252
7	50.3	-0.923
7	50.3	-1.27
7	50.3	-1.035
7	50.3	-0.942
7	50.3	-0.659
7	50.3	-1.272
7	50.3	-2.07
7	50.3	-1.995
7	50.3	-1.843
7	50.3	-2.156
7	50.4	-2.734
7	50.4	-2.417
7	50.4	-2.607
7	50.4	-2.493
7	50.4	-1.934
7	50.4	-1.252
7	50.4	-1.377
7	50.4	-1.282
7	50.4	-0.928
7	50.4	-0.496
7	50.4	-0.708
7	50.5	-1.216
7	50.5	-0.864
7	50.5	-0.667
7	50.5	-0.769
7	50.5	-0.967
7	50.5	-0.715
7	50.5	-1.252
7	50.5	-0.923
7	50.5	-1.167
7	50.5	-0.984
7	50.5	-1.445
7	50.6	-0.889
7	50.6	-0.471
7	50.6	-0.566
7	50.6	-0.603
7	50.6	-0.54
7	50.6	-0.454
7	50.6	-0.508
7	50.6	-0.493
7	50.6	-0.447
7	50.6	-0.442
7	50.7	-0.449
7	50.7	-0.425
7	50.7	-0.425
7	50.7	-0.525
7	50.7	-0.522
7	50.7	-0.427
7	50.7	-0.547
7	50.7	-0.432
7	50.7	-0.437
7	50.7	-0.457
7	50.7	-0.508
7	50.8	-0.586
7	50.8	-0.471
7	50.8	-0.437
7	50.8	-0.435
7	50.8	-0.432
7	50.8	-0.432
7	50.8	-0.43
7	50.8	-0.427
7	50.8	-0.476
7	50.8	-0.852
7	50.8	-1.641
7	50.9	-1.401
7	50.9	-1.306
7	50.9	-1.58
7	50.9	-1.47
7	50.9	-1.736
7	50.9	-0.796
7	50.9	-0.886
7	50.9	-1.074
7	50.9	-0.823
7	50.9	-0.884
7	50.9	-0.681
7	51	-0.447
7	51	-0.454
7	51	-2.031
7	51	-2.368
7	51	-1.455
7	51	-0.513
7	51	-1.35
7	51	-3.445
7	51	-2.197
7	51	-0.762
7	51	-0.537
7	51.1	-0.781
7	51.1	-1.06
7	51.1	-1.16
7	51.1	-1.47
7	51.1	-1.14
7	51.1	-1.199
7	51.1	-1.467
7	51.1	-1.55
7	51.1	-1.829
7	51.1	-1.731
7	51.1	-2.217
7	51.2	-2.969
7	51.2	-2.913
7	51.2	-2.761
7	51.2	-1.909
7	51.2	-1.494
7	51.2	-1.936
7	51.2	-2.737
7	51.2	-2.314
7	51.2	-1.426
7	51.2	-0.937
7	51.3	-1.233
7	51.3	-1.663
7	51.3	-0.811
7	51.3	-0.532
7	51.3	-0.823
7	51.3	-1.301
7	51.3	-1.738
7	51.3	-2.012
7	51.3	-1.997
7	51.3	-2.168
7	51.3	-2.266
7	51.3	-2.69
7	51.4	-2.666
7	51.4	-1.936
7	51.4	-1.36
7	51.4	-2.029
7	51.4	-1.436
7	51.4	-0.688
7	51.4	-0.818
7	51.4	-0.789
7	51.4	-1.328
7	51.4	-1.313
7	51.4	-1.555
7	51.5	-1.377
7	51.5	-2.346
7	51.5	-3.621
7	51.5	-3.418
7	51.5	-2.791
7	51.5	-2.756
7	51.5	-3.413
7	51.5	-3.318
7	51.5	-3.198
7	51.5	-2.478
7	51.5	-2.612
7	51.6	-2.383
7	51.6	-2.153
7	51.6	-1.902
7	51.6	-2.173
7	51.6	-0.942
7	51.6	-1.396
7	51.6	-3.486
7	51.6	-3.892
7	51.6	-2.974
7	51.6	-1.375
7	51.7	-2.161
7	51.7	-4.048
7	51.7	-4.417
7	51.7	-3.672
7	51.7	-3.718
7	51.7	-3.584
7	51.7	-3.401
7	51.7	-3.083
7	51.7	-2.332
7	51.7	-1.807
7	51.7	-2.007
7	51.8	-1.567
7	51.8	-1.58
7	51.8	-1.653
7	51.8	-1.548
7	51.8	-3.398
7	51.8	-4.343
7	51.8	-3.755
7	51.8	-4.033
7	51.8	-3.85
7	51.8	-4.126
7	51.8	-4.106
7	51.9	-3.262
7	51.9	-2.935
7	51.9	-3.159
7	51.9	-2.92
7	51.9	-2.979
7	51.9	-2.856
7	51.9	-1.948
7	51.9	-1.274
7	51.9	-1.606
7	51.9	-1.736
7	51.9	-2.131
7	52	-2.029
7	52	-2.263
7	52	-3.015
7	52	-3.76
7	52	-4.023
7	52	-4.565
7	52	-3.279
7	52	-4.387
7	52	-4.351
7	52	-3.303
7	52	-1.897
7	52.1	-1.316
7	52.1	-1.282
7	52.1	-0.959
7	52.1	-0.713
7	52.1	-0.422
7	52.1	-0.447
7	52.1	-0.496
7	52.1	-0.476
7	52.1	-1.46
7	52.1	-2.793
7	52.1	-3.049
7	52.2	-3.66
7	52.2	-4.312
7	52.2	-4.402
7	52.2	-3.875
7	52.2	-2.578
7	52.2	-3.218
7	52.2	-3.225
7	52.2	-2.544
7	52.2	-2.08
7	52.2	-0.962
7	52.3	-0.425
7	52.3	-0.732
7	52.3	-0.642
7	52.3	-1.797
7	52.3	-2.686
7	52.3	-1.377
7	52.3	-0.442
7	52.3	-0.457
7	52.3	-0.781
7	52.3	-4.258
7	52.3	-3.821
7	52.4	-1.436
7	52.4	-1.65
7	52.4	-3.953
7	52.4	-3.049
7	52.4	-0.442
7	52.4	-0.696
7	52.4	-0.581
7	52.4	-2.737
7	52.4	-2.62
7	52.4	-2.173
7	52.4	-2.81
7	52.4	-3.687
7	52.5	-1.262
7	52.5	-0.593
7	52.5	-0.481
7	52.5	-1.177
7	52.5	-0.43
7	52.5	-1.072
7	52.5	-1.248
7	52.5	-2.17
7	52.5	-2.263
7	52.5	-0.813
7	52.5	-0.474
7	52.6	-0.432
7	52.6	-0.505
7	52.6	-0.652
7	52.6	-4.275
7	52.6	-4.048
7	52.6	-4.48
7	52.6	-2.629
7	52.6	-2.661
7	52.6	-2.9
7	52.6	-2.683
7	52.7	-2.283
7	52.7	-1.194
7	52.7	-0.427
7	52.7	-0.479
7	52.7	-1.733
7	52.7	-2.139
7	52.7	-0.84
7	52.7	-0.769
7	52.7	-1.221
7	52.7	-4.375
7	52.7	-4.277
7	52.8	-4.165
7	52.8	-4.529
7	52.8	-4.575
7	52.8	-4.487
7	52.8	-4.28
7	52.8	-3.174
7	52.8	-2.021
7	52.8	-2.529
7	52.8	-2.117
7	52.8	-1.558
7	52.8	-0.715
7	52.9	-1.267
7	52.9	-3.311
7	52.9	-3.828
7	52.9	-3.862
7	52.9	-3.943
7	52.9	-4.365
7	52.9	-4.502
7	52.9	-4.446
7	52.9	-1.55
7	52.9	-0.537
7	52.9	-0.464
7	53	-3.086
7	53	-4.392
7	53	-4.124
7	53	-3.381
7	53	-2.991
7	53	-2.917
7	53	-1.995
7	53	-2.271
7	53	-3.63
7	53	-4.531
7	53	-4.573
7	53.1	-4.294
7	53.1	-3.303
7	53.1	-2.842
7	53.1	-3.508
7	53.1	-3.85
7	53.1	-4.172
7	53.1	-3.621
7	53.1	-2.959
7	53.1	-2.249
7	53.1	-1.636
7	53.2	-0.439
7	53.2	-0.437
7	53.2	-1.033
7	53.2	-2.605
7	53.2	-3.467
7	53.2	-4.189
7	53.2	-0.881
7	53.2	-3.613
7	53.2	-4.573
7	53.2	-3.911
7	53.2	-4.209
7	53.3	-4.563
7	53.3	-4.346
7	53.3	-3.376
7	53.3	-3.13
7	53.3	-2.156
7	53.3	-1.707
7	53.3	-1.265
7	53.3	-2.017
7	53.3	-2.917
7	53.3	-4.104
7	53.3	-4.419
7	53.4	-4.436
7	53.4	-3.667
7	53.4	-4.089
7	53.4	-4.551
7	53.4	-4.502
7	53.4	-4.57
7	53.4	-3.796
7	53.4	-2.815
7	53.4	-4.568
7	53.4	-3.076
7	53.4	-2.976
7	53.5	-2.961
7	53.5	-3.804
7	53.5	-0.488
7	53.5	-2.175
7	53.5	-3.101
7	53.5	-1.155
7	53.5	-0.959
7	53.5	-1.66
7	53.5	-2.969
7	53.5	-2.144
7	53.5	-1.458
7	53.6	-0.608
7	53.6	-2.91
7	53.6	-4.536
7	53.6	-4.536
7	53.6	-4.05
7	53.6	-0.852
7	53.6	-0.557
7	53.6	-0.933
7	53.6	-1.216
7	53.6	-1.406
7	53.6	-1.355
7	53.7	-1.34
7	53.7	-2.463
7	53.7	-3.267
7	53.7	-2.998
7	53.7	-2.839
7	53.7	-2.603
7	53.7	-2.639
7	53.7	-2.319
7	53.7	-2.654
7	53.7	-1.802
7	53.7	-1.904
7	53.8	-1.199
7	53.8	-1.538
7	53.8	-1.853
7	53.8	-1.328
7	53.8	-0.916
7	53.8	-1.467
7	53.8	-3.464
7	53.8	-2.468
7	53.8	-2.297
7	53.8	-0.464
7	53.8	-2.532
7	53.9	-0.842
7	53.9	-1.68
7	53.9	-4.058
7	53.9	-4.136
7	53.9	-4.575
7	53.9	-4.421
7	53.9	-4.094
7	53.9	-4.058
7	53.9	-3.77
7	53.9	-3.555
7	53.9	-3.159
7	54	-2.966
7	54	-2.114
7	54	-0.681
7	54	-0.74
7	54	-1.475
7	54	-2.866
7	54	-3
7	54	-3.94
7	54	-4.202
7	54	-4.165
7	54	-3.945
7	54.1	-3.452
7	54.1	-2.908
7	54.1	-3.074
7	54.1	-4.177
7	54.1	-4.531
7	54.1	-4.521
7	54.1	-3.911
7	54.1	-3.228
7	54.1	-2.461
7	54.1	-1.97
7	54.2	-1.34
7	54.2	-1.235
7	54.2	-2.158
7	54.2	-2.993
7	54.2	-4.075
7	54.2	-3.54
7	54.2	-3.606
7	54.2	-3.85
7	54.2	-4.512
7	54.2	-4.573
7	54.2	-4.565
7	54.3	-4.568
7	54.3	-4.548
7	54.3	-4.312
7	54.3	-2.905
7	54.3	-2.593
7	54.3	-1.843
7	54.3	-2.385
7	54.3	-2.979
7	54.3	-2.1
7	54.3	-1.252
7	54.3	-1.873
7	54.4	-2.065
7	54.4	-2.664
7	54.4	-3.137
7	54.4	-2.722
7	54.4	-3.164
7	54.4	-3.953
7	54.4	-4.57
7	54.4	-4.17
7	54.4	-4.165
7	54.4	-4.365
7	54.4	-4.446
7	54.5	-4.541
7	54.5	-4.001
7	54.5	-3.457
7	54.5	-3.042
7	54.5	-2.187
7	54.5	-0.486
7	54.5	-0.532
7	54.5	-1.409
7	54.5	-2.542
7	54.5	-1.726
7	54.5	-2.246
7	54.6	-4.324
7	54.6	-4.167
7	54.6	-4.368
7	54.6	-4.292
7	54.6	-4.277
7	54.6	-4.338
7	54.6	-4.023
7	54.6	-3.293
7	54.6	-2.725
7	54.6	-1.76
7	54.7	-0.74
7	54.7	-0.498
7	54.7	-0.427
7	54.7	-0.627
7	54.7	-1.489
7	54.7	-2.38
7	54.7	-2.329
7	54.7	-3.23
7	54.7	-4.189
7	54.7	-4.526
7	54.7	-4.58
7	54.7	-4.497
7	54.8	-4.556
7	54.8	-4.57
7	54.8	-3.799
7	54.8	-1.575
7	54.8	-0.767
7	54.8	-0.442
7	54.8	-0.652
7	54.8	-0.818
7	54.8	-1.108
7	54.8	-0.898
7	54.8	-1.455
7	54.9	-2.129
7	54.9	-3.555
7	54.9	-4.583
7	54.9	-4.06
7	54.9	-3.198
7	54.9	-3.806
7	54.9	-4.578
7	54.9	-3.477
7	54.9	-3.167
7	54.9	-1.782
7	54.9	-1.343
7	55	-0.864
7	55	-0.757
7	55	-0.969
7	55	-2.156
7	55	-3.809
7	55	-4.446
7	55	-4.465
7	55	-4.434
7	55	-3.777
7	55	-3.857
7	55.1	-4.329
7	55.1	-4.575
7	55.1	-4.543
7	55.1	-3.789
7	55.1	-2.991
7	55.1	-2.273
7	55.1	-0.908
7	55.1	-1.013
7	55.1	-0.535
7	55.1	-0.581
7	55.1	-0.676
7	55.2	-0.696
7	55.2	-1.174
7	55.2	-3.157
7	55.2	-4.185
7	55.2	-4.575
7	55.2	-3.958
7	55.2	-3.84
7	55.2	-4.236
7	55.2	-4.546
7	55.2	-4.487
7	55.2	-3.906
7	55.3	-3.455
7	55.3	-2.319
7	55.3	-1.436
7	55.3	-0.662
7	55.3	-0.454
7	55.3	-0.532
7	55.3	-0.85
7	55.3	-1.948
7	55.3	-3.76
7	55.3	-4.417
7	55.3	-4.436
7	55.4	-3.584
7	55.4	-4.236
7	55.4	-4.468
7	55.4	-4.575
7	55.4	-4.59
7	55.4	-4.282
7	55.4	-3.423
7	55.4	-2.266
7	55.4	-1.929
7	55.4	-1.252
7	55.4	-0.935
7	55.5	-0.417
7	55.5	-0.42
7	55.5	-0.596
7	55.5	-1.035
7	55.5	-1.687
7	55.5	-2.402
7	55.5	-3.604
7	55.5	-4.094
7	55.5	-4.502
7	55.5	-4.219
7	55.6	-3.945
7	55.6	-3.594
7	55.6	-3.936
7	55.6	-3.892
7	55.6	-4.448
7	55.6	-4.277
7	55.6	-2.771
7	55.6	-2.009
7	55.6	-1.348
7	55.6	-0.952
7	55.6	-1.072
7	55.7	-1.702
7	55.7	-2.273
7	55.7	-2.927
7	55.7	-3.835
7	55.7	-4.546
7	55.7	-4.546
7	55.7	-4.451
7	55.7	-3.604
7	55.7	-3.521
7	55.7	-4.233
7	55.7	-4.531
7	55.8	-3.967
7	55.8	-4.397
7	55.8	-3.938
7	55.8	-2.744
7	55.8	-2.371
7	55.8	-2.654
7	55.8	-3.059
7	55.8	-3.418
7	55.8	-3.362
7	55.8	-3.533
7	55.8	-3.999
7	55.8	-4.277
7	55.9	-4.331
7	55.9	-4.36
7	55.9	-4.331
7	55.9	-4.478
7	55.9	-4.551
7	55.9	-4.395
7	55.9	-4.089
7	55.9	-4.209
7	55.9	-3.97
7	55.9	-4.07
7	56	-2.971
7	56	-1.65
7	56	-1.057
7	56	-0.906
7	56	-0.798
7	56	-1.04
7	56	-1.267
7	56	-2.061
7	56	-3.618
7	56	-4.028
7	56	-4.456
7	56.1	-4.565
7	56.1	-4.536
7	56.1	-4.106
7	56.1	-4.272
7	56.1	-4.573
7	56.1	-4.504
7	56.1	-4.338
7	56.1	-3.767
7	56.1	-3.274
7	56.1	-1.614
7	56.1	-0.986
7	56.2	-1.238
7	56.2	-1.599
7	56.2	-1.973
7	56.2	-2.612
7	56.2	-2.166
7	56.2	-3.103
7	56.2	-4.417
7	56.2	-4.434
7	56.2	-4.443
7	56.2	-4.512
7	56.2	-4.57
7	56.3	-4.29
7	56.3	-4.131
7	56.3	-4.497
7	56.3	-4.458
7	56.3	-3.596
7	56.3	-2.769
7	56.3	-2.639
7	56.3	-1.033
7	56.3	-0.54
7	56.3	-1.057
7	56.3	-1.135
7	56.4	-2.917
7	56.4	-4.548
7	56.4	-4.573
7	56.4	-4.224
7	56.4	-4.246
7	56.4	-3.518
7	56.4	-4.546
7	56.4	-4.5
7	56.4	-4.573
7	56.4	-4.175
7	56.5	-2.556
7	56.5	-0.933
7	56.5	-0.452
7	56.5	-0.481
7	56.5	-0.642
7	56.5	-0.654
7	56.5	-1.211
7	56.5	-2.625
7	56.5	-3.853
7	56.5	-4.495
7	56.5	-4.583
7	56.6	-4.578
7	56.6	-4.158
7	56.6	-3.533
7	56.6	-3.865
7	56.6	-4.463
7	56.6	-3.569
7	56.6	-1.936
7	56.6	-2.004
7	56.6	-0.745
7	56.6	-1.365
7	56.6	-4.57
7	56.7	-4.397
7	56.7	-3.242
7	56.7	-3.726
7	56.7	-3.767
7	56.7	-2.649
7	56.7	-0.605
7	56.7	-2.048
7	56.7	-4.512
7	56.7	-3.916
7	56.7	-3.831
7	56.7	-3.896
7	56.8	-2.661
7	56.8	-1.785
7	56.8	-2.629
7	56.8	-0.859
7	56.8	-1.636
7	56.8	-4.05
7	56.8	-3.711
7	56.8	-2.637
7	56.8	-3.506
7	56.8	-0.471
7	56.8	-3.918
7	56.9	-3.152
7	56.9	-2.515
7	56.9	-4.512
7	56.9	-3.025
7	56.9	-1.006
7	56.9	-2.947
7	56.9	-0.425
7	56.9	-4.241
7	56.9	-1.904
7	56.9	-4.392
7	57	-3.176
7	57	-2.002
7	57	-3.94
7	57	-4.282
7	57	-4.326
7	57	-0.815
7	57	-1.98
7	57	-4.524
7	57	-3.992
7	57	-0.53
7	57	-0.713
7	57	-0.427
7	57.1	-4.131
7	57.1	-3.049
7	57.1	-0.63
7	57.1	-4.561
7	57.1	-1.567
7	57.1	-4.229
7	57.1	-1.443
7	57.1	-2.1
7	57.1	-3.542
7	57.1	-3.645
7	57.1	-1.196
7	57.2	-0.43
7	57.2	-2.095
7	57.2	-2.454
7	57.2	-0.52
7	57.2	-4.397
7	57.2	-0.439
7	57.2	-0.476
7	57.2	-2.249
7	57.2	-2.974
7	57.2	-4.563
7	57.2	-2.942
7	57.3	-2.795
7	57.3	-4.512
7	57.3	-3.76
7	57.3	-2.205
7	57.3	-3.389
7	57.3	-4.546
7	57.3	-2.114
7	57.3	-1.365
7	57.3	-0.776
7	57.3	-0.552
7	57.4	-3.328
7	57.4	-3.499
7	57.4	-2.334
7	57.4	-3.474
7	57.4	-4.28
7	57.4	-4.268
7	57.4	-4.331
7	57.4	-4.355
7	57.4	-3.789
7	57.4	-2.397
7	57.4	-2.141
7	57.5	-3.982
7	57.5	-4.065
7	57.5	-2.512
7	57.5	-0.544
7	57.5	-0.72
7	57.5	-2.837
7	57.5	-3.499
7	57.5	-4.412
7	57.5	-3.208
7	57.5	-3.667
7	57.5	-4.426
7	57.6	-4.407
7	57.6	-4.15
7	57.6	-4.57
7	57.6	-4.534
7	57.6	-4.558
7	57.6	-4.561
7	57.6	-4.424
7	57.6	-3.625
7	57.6	-2.468
7	57.6	-1.226
7	57.6	-1.069
7	57.7	-3.14
7	57.7	-4.524
7	57.7	-4.155
7	57.7	-4.539
7	57.7	-4.548
7	57.7	-4.497
7	57.7	-3.96
7	57.7	-3.015
7	57.7	-3.508
7	57.7	-4.26
7	57.7	-4.57
7	57.8	-4.565
7	57.8	-4.536
7	57.8	-3.379
7	57.8	-3.325
7	57.8	-2.08
7	57.8	-1.982
7	57.8	-2.903
7	57.8	-3.66
7	57.8	-4.233
7	57.8	-4.333
7	57.8	-4.138
7	57.9	-3.127
7	57.9	-3.547
7	57.9	-3.594
7	57.9	-4.431
7	57.9	-4.5
7	57.9	-4.358
7	57.9	-4.548
7	57.9	-4.512
7	57.9	-3.818
7	57.9	-2.466
7	58	-2.253
7	58	-1.633
7	58	-2.024
7	58	-3.391
7	58	-3.989
7	58	-4.126
7	58	-3.999
7	58	-3.984
7	58	-4.104
7	58	-4.482
7	58	-4.551
7	58.1	-4.573
7	58.1	-4.558
7	58.1	-4.573
7	58.1	-4.57
7	58.1	-4.07
7	58.1	-2.883
7	58.1	-2.969
7	58.1	-3.049
7	58.1	-3.665
7	58.1	-4.333
7	58.1	-4.275
7	58.1	-4.331
7	58.2	-4.114
7	58.2	-4.297
7	58.2	-4.136
7	58.2	-3.813
7	58.2	-4.133
7	58.2	-4.543
7	58.2	-4.414
7	58.2	-4.568
7	58.2	-4.482
7	58.2	-4.509
7	58.2	-4.399
7	58.3	-4.219
7	58.3	-3.818
7	58.3	-3.477
7	58.3	-3.933
7	58.3	-4.221
7	58.3	-3.901
7	58.3	-3.081
7	58.3	-3.127
7	58.3	-3.113
7	58.3	-3.826
7	58.3	-4.204
7	58.4	-4.387
7	58.4	-4.546
7	58.4	-4.573
7	58.4	-4.575
7	58.4	-4.402
7	58.4	-4.031
7	58.4	-3.623
7	58.4	-3.696
7	58.4	-3.699
7	58.4	-4.043
7	58.5	-3.989
7	58.5	-3.494
7	58.5	-2.957
7	58.5	-3.408
7	58.5	-3.994
7	58.5	-3.628
7	58.5	-4.15
7	58.5	-4.08
7	58.5	-4.57
7	58.5	-4.548
7	58.5	-4.468
7	58.6	-4.37
7	58.6	-3.999
7	58.6	-3.557
7	58.6	-4.253
7	58.6	-4.531
7	58.6	-4.019
7	58.6	-4.109
7	58.6	-3.73
7	58.6	-3.945
7	58.6	-3.545
7	58.6	-3.159
7	58.7	-3.12
7	58.7	-3.921
7	58.7	-4.275
7	58.7	-4.414
7	58.7	-4.397
7	58.7	-4.114
7	58.7	-4.285
7	58.7	-4.536
7	58.7	-4.49
7	58.7	-4.25
7	58.7	-4.417
7	58.8	-4.419
7	58.8	-4.299
7	58.8	-3.918
7	58.8	-3.186
7	58.8	-3.066
7	58.8	-3.696
7	58.8	-3.94
7	58.8	-3.887
7	58.8	-3.994
7	58.8	-4.214
7	58.8	-4.485
7	58.9	-4.458
7	58.9	-4.463
7	58.9	-4.407
7	58.9	-4.448
7	58.9	-4.551
7	58.9	-4.563
7	58.9	-4.102
7	58.9	-4.023
7	58.9	-3.86
7	58.9	-3.472
7	59	-3.938
7	59	-3.738
7	59	-3.74
7	59	-3.977
7	59	-4.299
7	59	-3.933
7	59	-4.109
7	59	-4.155
7	59	-4.011
7	59	-4.509
7	59	-4.563
7	59.1	-4.504
7	59.1	-4.346
7	59.1	-4.519
7	59.1	-4.573
7	59.1	-4.077
7	59.1	-3.645
7	59.1	-3.821
7	59.1	-4.077
7	59.1	-3.74
7	59.1	-4.133
7	59.1	-3.789
7	59.2	-3.696
