Time - Voltage	Amplitude - Voltage	
2	9.3	-2.205
2	9.3	-2.039
2	9.3	-2.246
2	9.4	-2.112
2	9.4	-1.992
2	9.4	-1.714
2	9.4	-1.562
2	9.4	-1.23
2	9.4	-1.174
2	9.4	-1.27
2	9.4	-1.438
2	9.4	-1.267
2	9.4	-1.169
2	9.5	-1.274
2	9.5	-1.191
2	9.5	-1.379
2	9.5	-1.421
2	9.5	-1.709
2	9.5	-1.567
2	9.5	-1.685
2	9.5	-1.76
2	9.5	-1.907
2	9.5	-1.726
2	9.5	-1.638
2	9.6	-1.731
2	9.6	-1.951
2	9.6	-2.136
2	9.6	-1.763
2	9.6	-1.443
2	9.6	-1.46
2	9.6	-1.748
2	9.6	-1.685
2	9.6	-1.86
2	9.6	-1.494
2	9.6	-1.636
2	9.7	-2.107
2	9.7	-2.471
2	9.7	-2.517
2	9.7	-1.987
2	9.7	-2.446
2	9.7	-2.659
2	9.7	-2.874
2	9.7	-2.319
2	9.7	-2.415
2	9.7	-2.08
2	9.7	-2.029
2	9.8	-2.036
2	9.8	-1.655
2	9.8	-1.67
2	9.8	-1.692
2	9.8	-1.914
2	9.8	-2.068
2	9.8	-1.582
2	9.8	-1.489
2	9.8	-1.814
2	9.8	-2.144
2	9.8	-3.018
2	9.9	-2.622
2	9.9	-2.275
2	9.9	-2.336
2	9.9	-2.585
2	9.9	-2.112
2	9.9	-1.357
2	9.9	-1.223
2	9.9	-1.479
2	9.9	-2.161
2	9.9	-2.622
2	10	-3.535
2	10	-3.704
2	10	-3.73
2	10	-3.743
2	10	-3.684
2	10	-3.655
2	10	-3.669
2	10	-3.572
2	10	-3.081
2	10	-2.744
2	10	-1.667
2	10.1	-1.243
2	10.1	-1.223
2	10.1	-1.304
2	10.1	-1.187
2	10.1	-1.089
2	10.1	-1.094
2	10.1	-1.487
2	10.1	-1.714
2	10.1	-1.985
2	10.1	-2.786
2	10.1	-3.186
2	10.2	-3.647
2	10.2	-3.704
2	10.2	-3.73
2	10.2	-3.726
2	10.2	-3.606
2	10.2	-3.125
2	10.2	-2.534
2	10.2	-1.521
2	10.2	-1.082
2	10.2	-1.101
2	10.2	-1.111
2	10.2	-1.096
2	10.3	-1.086
2	10.3	-1.167
2	10.3	-1.389
2	10.3	-1.975
2	10.3	-2.915
2	10.3	-3.535
2	10.3	-3.538
2	10.3	-3.547
2	10.3	-3.618
2	10.3	-3.674
2	10.3	-3.235
2	10.4	-2.458
2	10.4	-1.597
2	10.4	-1.24
2	10.4	-1.265
2	10.4	-1.094
2	10.4	-1.155
2	10.4	-1.084
2	10.4	-1.167
2	10.4	-1.379
2	10.4	-1.582
2	10.5	-1.826
2	10.5	-2.578
2	10.5	-2.979
2	10.5	-3.367
2	10.5	-3.442
2	10.5	-3.354
2	10.5	-3.281
2	10.5	-3.274
2	10.5	-3.296
2	10.5	-2.861
2	10.5	-2.393
2	10.6	-1.729
2	10.6	-1.252
2	10.6	-1.218
2	10.6	-1.145
2	10.6	-1.125
2	10.6	-1.162
2	10.6	-1.611
2	10.6	-1.938
2	10.6	-2.261
2	10.6	-2.529
2	10.6	-3.428
2	10.7	-3.518
2	10.7	-3.55
2	10.7	-3.616
2	10.7	-2.71
2	10.7	-1.963
2	10.7	-1.897
2	10.7	-1.638
2	10.7	-1.128
2	10.7	-1.147
2	10.7	-1.196
2	10.7	-1.094
2	10.8	-1.094
2	10.8	-1.096
2	10.8	-1.248
2	10.8	-1.589
2	10.8	-2.17
2	10.8	-2.314
2	10.8	-2.893
2	10.8	-3.105
2	10.8	-3.232
2	10.8	-3.201
2	10.8	-3.118
2	10.9	-2.839
2	10.9	-2.175
2	10.9	-2.126
2	10.9	-1.929
2	10.9	-1.587
2	10.9	-1.377
2	10.9	-1.243
2	10.9	-1.321
2	10.9	-1.675
2	10.9	-1.445
2	11	-1.655
2	11	-2.434
2	11	-3.152
2	11	-3.32
2	11	-3.154
2	11	-2.952
2	11	-3.101
2	11	-3.208
2	11	-2.5
2	11	-1.904
2	11	-1.562
2	11.1	-1.467
2	11.1	-1.248
2	11.1	-1.13
2	11.1	-1.106
2	11.1	-1.216
2	11.1	-1.277
2	11.1	-1.492
2	11.1	-1.836
2	11.1	-2.161
2	11.1	-2.554
2	11.1	-2.859
2	11.2	-3.132
2	11.2	-3.188
2	11.2	-3.118
2	11.2	-2.932
2	11.2	-3.035
2	11.2	-2.756
2	11.2	-2.297
2	11.2	-1.99
2	11.2	-1.55
2	11.2	-1.714
2	11.2	-1.848
2	11.3	-1.721
2	11.3	-1.443
2	11.3	-1.716
2	11.3	-2.034
2	11.3	-2.49
2	11.3	-2.563
2	11.3	-2.585
2	11.3	-3.035
2	11.3	-3.174
2	11.3	-3.376
2	11.3	-3.171
2	11.4	-2.942
2	11.4	-2.52
2	11.4	-2.358
2	11.4	-2.014
2	11.4	-1.616
2	11.4	-1.277
2	11.4	-1.316
2	11.4	-1.621
2	11.4	-1.86
2	11.4	-1.816
2	11.4	-1.606
2	11.5	-1.726
2	11.5	-2.373
2	11.5	-2.8
2	11.5	-2.773
2	11.5	-2.734
2	11.5	-2.964
2	11.5	-2.827
2	11.5	-2.605
2	11.5	-2
2	11.5	-1.819
2	11.5	-1.704
2	11.6	-1.768
2	11.6	-1.299
2	11.6	-1.238
2	11.6	-1.147
2	11.6	-1.211
2	11.6	-1.34
2	11.6	-1.489
2	11.6	-1.553
2	11.6	-1.536
2	11.6	-1.582
2	11.6	-2.048
2	11.7	-2.305
2	11.7	-1.965
2	11.7	-1.846
2	11.7	-1.726
2	11.7	-1.609
2	11.7	-1.338
2	11.7	-1.218
2	11.7	-1.15
2	11.7	-1.143
2	11.7	-1.086
2	11.7	-1.091
2	11.8	-1.089
2	11.8	-1.086
2	11.8	-1.084
2	11.8	-1.104
2	11.8	-1.245
2	11.8	-1.221
2	11.8	-1.199
2	11.8	-1.106
2	11.8	-1.287
2	11.8	-1.484
2	11.8	-1.301
2	11.9	-1.445
2	11.9	-1.272
2	11.9	-1.309
2	11.9	-1.279
2	11.9	-1.306
2	11.9	-1.143
2	11.9	-1.123
2	11.9	-1.179
2	11.9	-1.301
2	11.9	-1.323
2	12	-1.235
2	12	-1.504
2	12	-1.946
2	12	-2.129
2	12	-1.685
2	12	-1.575
2	12	-1.641
2	12	-1.934
2	12	-1.824
2	12	-1.572
2	12	-1.194
2	12.1	-1.262
2	12.1	-1.257
2	12.1	-1.15
2	12.1	-1.079
2	12.1	-1.086
2	12.1	-1.077
2	12.1	-1.218
2	12.1	-1.445
2	12.1	-1.458
2	12.1	-1.892
2	12.1	-1.919
2	12.2	-1.841
2	12.2	-2.185
2	12.2	-2.114
2	12.2	-1.899
2	12.2	-1.899
2	12.2	-1.531
2	12.2	-1.597
2	12.2	-1.375
2	12.2	-1.108
2	12.2	-1.094
2	12.2	-1.101
2	12.3	-1.16
2	12.3	-1.282
2	12.3	-1.138
2	12.3	-1.086
2	12.3	-1.311
2	12.3	-1.438
2	12.3	-1.211
2	12.3	-1.274
2	12.3	-1.416
2	12.3	-1.433
2	12.3	-1.34
2	12.4	-1.438
2	12.4	-1.128
2	12.4	-1.13
2	12.4	-1.089
2	12.4	-1.094
2	12.4	-1.089
2	12.4	-1.201
2	12.4	-1.165
2	12.4	-1.086
2	12.4	-1.189
2	12.4	-1.118
2	12.5	-1.091
2	12.5	-1.086
2	12.5	-1.318
2	12.5	-1.389
2	12.5	-1.238
2	12.5	-1.145
2	12.5	-1.235
2	12.5	-1.267
2	12.5	-1.121
2	12.5	-1.16
2	12.5	-1.089
2	12.6	-1.123
2	12.6	-1.204
2	12.6	-1.326
2	12.6	-1.15
2	12.6	-1.125
2	12.6	-1.233
2	12.6	-1.443
2	12.6	-1.472
2	12.6	-1.406
2	12.6	-1.458
2	12.6	-1.753
2	12.7	-1.765
2	12.7	-1.653
2	12.7	-1.516
2	12.7	-1.331
2	12.7	-1.357
2	12.7	-1.257
2	12.7	-1.204
2	12.7	-1.157
2	12.7	-1.118
2	12.7	-1.162
2	12.7	-1.152
2	12.8	-1.138
2	12.8	-1.155
2	12.8	-1.377
2	12.8	-1.589
2	12.8	-1.819
2	12.8	-2.053
2	12.8	-1.96
2	12.8	-1.892
2	12.8	-2.209
2	12.8	-2.229
2	12.8	-1.956
2	12.9	-1.843
2	12.9	-1.821
2	12.9	-1.819
2	12.9	-1.614
2	12.9	-1.438
2	12.9	-1.482
2	12.9	-1.533
2	12.9	-1.609
2	12.9	-1.621
2	12.9	-1.86
2	13	-1.787
2	13	-1.851
2	13	-2.251
2	13	-2.38
2	13	-1.921
2	13	-1.956
2	13	-2.078
2	13	-2.234
2	13	-1.965
2	13	-1.702
2	13	-1.528
2	13.1	-1.355
2	13.1	-1.694
2	13.1	-1.821
2	13.1	-1.438
2	13.1	-1.377
2	13.1	-1.699
2	13.1	-1.897
2	13.1	-1.907
2	13.1	-1.653
2	13.1	-1.899
2	13.1	-2.18
2	13.2	-2.512
2	13.2	-2.227
2	13.2	-1.729
2	13.2	-2.07
2	13.2	-2.268
2	13.2	-2.363
2	13.2	-1.79
2	13.2	-1.506
2	13.2	-1.655
2	13.2	-2.324
2	13.2	-2.28
2	13.3	-1.636
2	13.3	-1.885
2	13.3	-2.007
2	13.3	-2.415
2	13.3	-2.095
2	13.3	-1.787
2	13.3	-1.917
2	13.3	-2.063
2	13.3	-1.726
2	13.3	-1.931
2	13.3	-1.819
2	13.4	-1.409
2	13.4	-1.765
2	13.4	-1.863
2	13.4	-2.024
2	13.4	-1.516
2	13.4	-1.184
2	13.4	-1.23
2	13.4	-1.602
2	13.4	-1.289
2	13.4	-1.223
2	13.5	-1.313
2	13.5	-1.189
2	13.5	-1.35
2	13.5	-1.443
2	13.5	-1.375
2	13.5	-1.301
2	13.5	-1.333
2	13.5	-1.362
2	13.5	-1.489
2	13.5	-1.14
2	13.5	-1.113
2	13.6	-1.248
2	13.6	-1.36
2	13.6	-1.145
2	13.6	-1.111
2	13.6	-1.125
2	13.6	-1.218
2	13.6	-1.484
2	13.6	-1.592
2	13.6	-1.472
2	13.6	-1.265
2	13.6	-1.602
2	13.6	-1.838
2	13.7	-1.914
2	13.7	-1.56
2	13.7	-1.462
2	13.7	-1.826
2	13.7	-1.86
2	13.7	-1.89
2	13.7	-1.455
2	13.7	-1.458
2	13.7	-1.699
2	13.7	-1.816
2	13.7	-1.875
2	13.8	-1.497
2	13.8	-1.516
2	13.8	-2.185
2	13.8	-1.917
2	13.8	-1.946
2	13.8	-2.134
2	13.8	-1.958
2	13.8	-2.375
2	13.8	-2.512
2	13.8	-2.51
2	13.9	-2.021
2	13.9	-1.699
2	13.9	-2.102
2	13.9	-2.422
2	13.9	-1.758
2	13.9	-1.479
2	13.9	-1.814
2	13.9	-1.917
2	13.9	-2.019
2	13.9	-1.589
2	13.9	-1.692
2	14	-2.063
2	14	-2.102
2	14	-1.98
2	14	-2.019
2	14	-1.726
2	14	-1.553
2	14	-1.599
2	14	-1.404
2	14	-1.238
2	14	-1.245
2	14	-1.284
2	14.1	-1.353
2	14.1	-1.367
2	14.1	-1.191
2	14.1	-1.133
2	14.1	-1.221
2	14.1	-1.304
2	14.1	-1.318
2	14.1	-1.279
2	14.1	-1.238
2	14.1	-1.26
2	14.1	-1.353
2	14.2	-1.394
2	14.2	-1.37
2	14.2	-1.262
2	14.2	-1.172
2	14.2	-1.387
2	14.2	-1.384
2	14.2	-1.26
2	14.2	-1.15
2	14.2	-1.155
2	14.2	-1.362
2	14.2	-1.528
2	14.3	-1.248
2	14.3	-1.182
2	14.3	-1.44
2	14.3	-1.726
2	14.3	-1.648
2	14.3	-1.462
2	14.3	-1.433
2	14.3	-1.814
2	14.3	-2.026
2	14.3	-1.931
2	14.3	-1.926
2	14.4	-1.667
2	14.4	-1.975
2	14.4	-2.239
2	14.4	-2.214
2	14.4	-1.848
2	14.4	-1.902
2	14.4	-2.039
2	14.4	-2.468
2	14.4	-2.312
2	14.4	-1.765
2	14.5	-1.865
2	14.5	-1.836
2	14.5	-2.136
2	14.5	-2.187
2	14.5	-2.019
2	14.5	-1.755
2	14.5	-1.987
2	14.5	-1.914
2	14.5	-2.109
2	14.5	-1.814
2	14.5	-1.641
2	14.6	-1.892
2	14.6	-1.917
2	14.6	-1.873
2	14.6	-1.909
2	14.6	-1.831
2	14.6	-2.107
2	14.6	-2.444
2	14.6	-2.292
2	14.6	-2.507
2	14.6	-2.175
2	14.6	-2.029
2	14.7	-2.856
2	14.7	-2.793
2	14.7	-2.559
2	14.7	-2.244
2	14.7	-2.334
2	14.7	-2.649
2	14.7	-2.703
2	14.7	-2.234
2	14.7	-2.144
2	14.7	-2.129
2	14.7	-2.534
2	14.7	-2.49
2	14.8	-2.375
2	14.8	-2.034
2	14.8	-2.537
2	14.8	-2.751
2	14.8	-2.336
2	14.8	-2.253
2	14.8	-2.068
2	14.8	-2.405
2	14.8	-2.258
2	14.8	-2.209
2	14.8	-2.302
2	14.9	-2.163
2	14.9	-1.919
2	14.9	-2.358
2	14.9	-2.295
2	14.9	-1.98
2	14.9	-2.285
2	14.9	-2.419
2	14.9	-2.593
2	14.9	-2.815
2	14.9	-2.148
2	15	-2.024
2	15	-2.703
2	15	-2.703
2	15	-2.375
2	15	-2.356
2	15	-2.283
2	15	-2.312
2	15	-2.075
2	15	-1.885
2	15	-2.097
2	15	-2.178
2	15.1	-2.151
2	15.1	-2.542
2	15.1	-2.292
2	15.1	-2.09
2	15.1	-2.18
2	15.1	-2.598
2	15.1	-2.488
2	15.1	-2.29
2	15.1	-2.144
2	15.1	-2.344
2	15.1	-2.402
2	15.2	-2.231
2	15.2	-2.549
2	15.2	-2.344
2	15.2	-2.261
2	15.2	-2.446
2	15.2	-2.866
2	15.2	-2.642
2	15.2	-2.148
2	15.2	-2.476
2	15.2	-2.805
2	15.2	-2.615
2	15.3	-2.446
2	15.3	-2.307
2	15.3	-2.283
2	15.3	-2.571
2	15.3	-2.747
2	15.3	-2.234
2	15.3	-1.802
2	15.3	-1.931
2	15.3	-2.388
2	15.3	-2.507
2	15.3	-2.161
2	15.4	-2.031
2	15.4	-2.476
2	15.4	-2.744
2	15.4	-2.432
2	15.4	-2.146
2	15.4	-2.354
2	15.4	-2.385
2	15.4	-2.573
2	15.4	-2.449
2	15.4	-2.007
2	15.5	-1.99
2	15.5	-2.195
2	15.5	-2.28
2	15.5	-2.197
2	15.5	-1.948
2	15.5	-1.836
2	15.5	-2.334
2	15.5	-2.161
2	15.5	-1.987
2	15.5	-1.733
2	15.5	-1.589
2	15.6	-1.895
2	15.6	-2.295
2	15.6	-2.258
2	15.6	-1.909
2	15.6	-2.07
2	15.6	-1.982
2	15.6	-2.485
2	15.6	-2.168
2	15.6	-1.807
2	15.6	-2.087
2	15.6	-2.2
2	15.7	-2.019
2	15.7	-1.665
2	15.7	-1.621
2	15.7	-2.029
2	15.7	-2.246
2	15.7	-1.716
2	15.7	-2.068
2	15.7	-2.083
2	15.7	-1.724
2	15.7	-2.217
2	15.7	-2.288
2	15.8	-2.034
2	15.8	-1.87
2	15.8	-1.951
2	15.8	-2.168
2	15.8	-2.383
2	15.8	-2.249
2	15.8	-1.938
2	15.8	-1.921
2	15.8	-2.434
2	15.8	-2.358
2	15.8	-1.68
2	15.9	-1.597
2	15.9	-1.934
2	15.9	-1.968
2	15.9	-2.002
2	15.9	-2.053
2	15.9	-1.926
2	15.9	-1.833
2	15.9	-1.792
2	15.9	-2.185
2	15.9	-2.051
2	15.9	-1.956
2	16	-1.733
2	16	-2.122
2	16	-1.934
2	16	-1.602
2	16	-1.433
2	16	-1.392
2	16	-1.765
2	16	-1.448
2	16	-1.282
2	16	-1.23
2	16	-1.438
2	16.1	-1.746
2	16.1	-1.887
2	16.1	-1.594
2	16.1	-1.499
2	16.1	-1.765
2	16.1	-1.88
2	16.1	-2.08
2	16.1	-1.528
2	16.1	-1.594
2	16.1	-1.809
2	16.1	-1.741
2	16.2	-1.521
2	16.2	-1.453
2	16.2	-1.548
2	16.2	-1.702
2	16.2	-1.697
2	16.2	-1.67
2	16.2	-1.731
2	16.2	-1.672
2	16.2	-1.821
2	16.2	-1.716
2	16.2	-1.943
2	16.3	-1.794
2	16.3	-1.748
2	16.3	-1.819
2	16.3	-2.095
2	16.3	-1.89
2	16.3	-1.594
2	16.3	-1.572
2	16.3	-1.838
2	16.3	-2.046
2	16.3	-1.76
2	16.3	-1.611
2	16.4	-1.67
2	16.4	-1.934
2	16.4	-2.151
2	16.4	-2.107
2	16.4	-1.792
2	16.4	-1.809
2	16.4	-1.924
2	16.4	-1.965
2	16.4	-2.283
2	16.4	-1.96
2	16.5	-1.841
2	16.5	-2.151
2	16.5	-2.458
2	16.5	-2.063
2	16.5	-1.797
2	16.5	-1.814
2	16.5	-2.222
2	16.5	-2.405
2	16.5	-1.912
2	16.5	-1.729
2	16.5	-1.746
2	16.6	-2.109
2	16.6	-2.166
2	16.6	-1.87
2	16.6	-1.672
2	16.6	-1.87
2	16.6	-2.078
2	16.6	-2.358
2	16.6	-1.97
2	16.6	-1.987
2	16.6	-1.785
2	16.6	-1.726
2	16.7	-2.056
2	16.7	-1.775
2	16.7	-1.47
2	16.7	-1.604
2	16.7	-2.097
2	16.7	-1.846
2	16.7	-1.467
2	16.7	-1.384
2	16.7	-1.763
2	16.7	-1.804
2	16.7	-1.611
2	16.8	-1.697
2	16.8	-1.665
2	16.8	-1.904
2	16.8	-1.672
2	16.8	-1.748
2	16.8	-1.565
2	16.8	-1.57
2	16.8	-1.841
2	16.8	-2.007
2	16.8	-2.253
2	16.8	-1.946
2	16.9	-1.941
2	16.9	-2.151
2	16.9	-2.522
2	16.9	-2.285
2	16.9	-2.175
2	16.9	-2.439
2	16.9	-2.893
2	16.9	-2.664
2	16.9	-2.905
2	16.9	-3.04
2	17	-2.644
2	17	-2.9
2	17	-3.081
2	17	-3.152
2	17	-3.032
2	17	-3.135
2	17	-3.376
2	17	-3.362
2	17	-3.218
2	17	-3.145
2	17	-3.403
2	17	-3.42
2	17.1	-3.457
2	17.1	-3.43
2	17.1	-3.296
2	17.1	-3.181
2	17.1	-3.328
2	17.1	-3.452
2	17.1	-3.518
2	17.1	-3.25
2	17.1	-3.215
2	17.1	-3.394
2	17.1	-3.525
2	17.2	-3.513
2	17.2	-3.301
2	17.2	-3.276
2	17.2	-3.572
2	17.2	-3.662
2	17.2	-3.196
2	17.2	-3.408
2	17.2	-3.567
2	17.2	-3.608
2	17.2	-3.555
2	17.2	-3.481
2	17.3	-3.472
2	17.3	-3.577
2	17.3	-3.611
2	17.3	-3.618
2	17.3	-3.596
2	17.3	-3.467
2	17.3	-3.586
2	17.3	-3.623
2	17.3	-3.591
2	17.3	-3.572
2	17.3	-3.53
2	17.4	-3.335
2	17.4	-3.613
2	17.4	-3.657
2	17.4	-3.464
2	17.4	-3.408
2	17.4	-3.428
2	17.4	-3.613
2	17.4	-3.552
2	17.4	-3.369
2	17.4	-3.376
2	17.5	-3.394
2	17.5	-3.486
2	17.5	-3.611
2	17.5	-3.416
2	17.5	-3.062
2	17.5	-3.188
2	17.5	-3.401
2	17.5	-3.32
2	17.5	-2.952
2	17.5	-2.788
2	17.5	-2.944
2	17.6	-3.279
2	17.6	-3.293
2	17.6	-3.096
2	17.6	-3.022
2	17.6	-3.203
2	17.6	-3.462
2	17.6	-3.33
2	17.6	-3.369
2	17.6	-3.145
2	17.6	-3.147
2	17.6	-3.418
2	17.7	-3.477
2	17.7	-2.935
2	17.7	-2.886
2	17.7	-3.298
2	17.7	-3.518
2	17.7	-3.359
2	17.7	-3.13
2	17.7	-3.323
2	17.7	-3.306
2	17.7	-3.416
2	17.7	-3.469
2	17.8	-3.276
2	17.8	-3.252
2	17.8	-3.391
2	17.8	-3.533
2	17.8	-3.508
2	17.8	-3.254
2	17.8	-3.323
2	17.8	-3.572
2	17.8	-3.44
2	17.8	-3.455
2	17.8	-3.311
2	17.9	-3.245
2	17.9	-3.411
2	17.9	-3.54
2	17.9	-3.464
2	17.9	-3.203
2	17.9	-3.184
2	17.9	-3.604
2	17.9	-3.584
2	17.9	-3.279
2	17.9	-3.347
2	18	-3.459
2	18	-3.416
2	18	-3.394
2	18	-3.354
2	18	-3.333
2	18	-3.508
2	18	-3.511
2	18	-3.501
2	18	-3.56
2	18	-3.264
2	18	-3.486
2	18.1	-3.55
2	18.1	-3.459
2	18.1	-3.472
2	18.1	-3.572
2	18.1	-3.618
2	18.1	-3.689
2	18.1	-3.567
2	18.1	-3.474
2	18.1	-3.64
2	18.1	-3.55
2	18.1	-3.611
2	18.1	-3.613
2	18.2	-3.55
2	18.2	-3.584
2	18.2	-3.564
2	18.2	-3.611
2	18.2	-3.726
2	18.2	-3.582
2	18.2	-3.574
2	18.2	-3.745
2	18.2	-3.75
2	18.2	-3.599
2	18.2	-3.499
2	18.3	-3.538
2	18.3	-3.696
2	18.3	-3.743
2	18.3	-3.542
2	18.3	-3.55
2	18.3	-3.65
2	18.3	-3.696
2	18.3	-3.704
2	18.3	-3.638
2	18.3	-3.333
2	18.3	-3.625
2	18.4	-3.674
2	18.4	-3.667
2	18.4	-3.608
2	18.4	-3.547
2	18.4	-3.635
2	18.4	-3.625
2	18.4	-3.723
2	18.4	-3.652
2	18.4	-3.611
2	18.4	-3.442
2	18.5	-3.733
2	18.5	-3.738
2	18.5	-3.494
2	18.5	-3.362
2	18.5	-3.45
2	18.5	-3.665
2	18.5	-3.657
2	18.5	-3.591
2	18.5	-3.674
2	18.5	-3.718
2	18.5	-3.665
2	18.6	-3.733
2	18.6	-3.74
2	18.6	-3.647
2	18.6	-3.665
2	18.6	-3.733
2	18.6	-3.735
2	18.6	-3.73
2	18.6	-3.645
2	18.6	-3.733
2	18.6	-3.682
2	18.6	-3.735
2	18.7	-3.735
2	18.7	-3.728
2	18.7	-3.738
2	18.7	-3.735
2	18.7	-3.628
2	18.7	-3.726
2	18.7	-3.735
2	18.7	-3.716
2	18.7	-3.701
2	18.7	-3.545
2	18.7	-3.743
2	18.8	-3.74
2	18.8	-3.684
2	18.8	-3.604
2	18.8	-3.621
2	18.8	-3.728
2	18.8	-3.745
2	18.8	-3.564
2	18.8	-3.525
2	18.8	-3.708
2	18.8	-3.669
2	18.9	-3.721
2	18.9	-3.723
2	18.9	-3.582
2	18.9	-3.625
2	18.9	-3.711
2	18.9	-3.699
2	18.9	-3.606
2	18.9	-3.657
2	18.9	-3.718
2	18.9	-3.738
2	18.9	-3.706
2	19	-3.682
2	19	-3.611
2	19	-3.65
2	19	-3.689
2	19	-3.745
2	19	-3.689
2	19	-3.674
2	19	-3.745
2	19	-3.745
2	19	-3.723
2	19	-3.718
2	19.1	-3.696
2	19.1	-3.716
2	19.1	-3.743
2	19.1	-3.64
2	19.1	-3.694
2	19.1	-3.704
2	19.1	-3.701
2	19.1	-3.74
2	19.1	-3.713
2	19.1	-3.655
2	19.1	-3.528
2	19.2	-3.748
2	19.2	-3.748
2	19.2	-3.748
2	19.2	-3.65
2	19.2	-3.745
2	19.2	-3.701
2	19.2	-3.75
2	19.2	-3.748
2	19.2	-3.74
2	19.2	-3.748
2	19.2	-3.728
2	19.3	-3.745
2	19.3	-3.748
2	19.3	-3.748
2	19.3	-3.74
2	19.3	-3.682
2	19.3	-3.662
2	19.3	-3.748
2	19.3	-3.748
2	19.3	-3.708
2	19.3	-3.721
2	19.3	-3.728
2	19.4	-3.733
2	19.4	-3.74
2	19.4	-3.748
2	19.4	-3.679
2	19.4	-3.594
2	19.4	-3.748
2	19.4	-3.701
2	19.4	-3.745
2	19.4	-3.645
2	19.4	-3.723
2	19.4	-3.76
2	19.5	-3.75
2	19.5	-3.745
2	19.5	-3.745
2	19.5	-3.682
2	19.5	-3.733
2	19.5	-3.743
2	19.5	-3.745
2	19.5	-3.628
2	19.5	-3.726
2	19.5	-3.726
2	19.5	-3.669
2	19.6	-3.75
2	19.6	-3.745
2	19.6	-3.713
2	19.6	-3.574
2	19.6	-3.716
2	19.6	-3.748
2	19.6	-3.748
2	19.6	-3.555
2	19.6	-3.64
2	19.6	-3.577
2	19.6	-3.618
2	19.7	-3.721
2	19.7	-3.652
2	19.7	-3.413
2	19.7	-3.196
2	19.7	-3.53
2	19.7	-3.469
2	19.7	-3.442
2	19.7	-3.108
2	19.7	-3.528
2	19.7	-3.726
2	19.8	-3.711
2	19.8	-3.528
2	19.8	-3.503
2	19.8	-3.313
2	19.8	-3.025
2	19.8	-3.389
2	19.8	-3.035
2	19.8	-3.091
2	19.8	-2.917
2	19.8	-3.123
2	19.8	-3.157
2	19.9	-2.654
2	19.9	-2.302
2	19.9	-2.783
2	19.9	-3.276
2	19.9	-2.781
2	19.9	-2.883
2	19.9	-2.578
2	19.9	-2.871
2	19.9	-2.734
2	19.9	-2.644
2	19.9	-2.258
2	20	-2.224
2	20	-2.4
2	20	-2.607
2	20	-2.551
2	20	-2.207
2	20	-2.195
2	20	-2.341
2	20	-2.344
2	20	-1.97
2	20	-1.978
2	20	-2.136
2	20.1	-2.192
2	20.1	-2.383
2	20.1	-2.441
2	20.1	-2.175
2	20.1	-2.317
2	20.1	-2.373
2	20.1	-2.825
2	20.1	-2.561
2	20.1	-1.899
2	20.1	-2.131
2	20.1	-2.617
2	20.2	-2
2	20.2	-1.882
2	20.2	-1.892
2	20.2	-2.319
2	20.2	-2.49
2	20.2	-2.444
2	20.2	-2.4
2	20.2	-2.19
2	20.2	-2.231
2	20.2	-2.397
2	20.3	-2.129
2	20.3	-1.946
2	20.3	-1.882
2	20.3	-2.18
2	20.3	-2.156
2	20.3	-1.655
2	20.3	-1.76
2	20.3	-1.858
2	20.3	-1.79
2	20.3	-1.799
2	20.3	-2.024
2	20.4	-1.838
2	20.4	-1.897
2	20.4	-1.736
2	20.4	-1.824
2	20.4	-1.755
2	20.4	-1.406
2	20.4	-1.404
2	20.4	-1.873
2	20.4	-2.229
2	20.4	-1.633
2	20.4	-1.531
2	20.4	-1.499
2	20.5	-1.887
2	20.5	-1.733
2	20.5	-1.555
2	20.5	-1.597
2	20.5	-1.47
2	20.5	-1.66
2	20.5	-1.719
2	20.5	-1.775
2	20.5	-1.438
2	20.5	-1.526
2	20.5	-1.812
2	20.6	-1.992
2	20.6	-1.536
2	20.6	-1.729
2	20.6	-1.536
2	20.6	-1.646
2	20.6	-1.895
2	20.6	-1.531
2	20.6	-1.553
2	20.6	-1.504
2	20.6	-1.917
2	20.7	-2.002
2	20.7	-1.794
2	20.7	-1.396
2	20.7	-1.738
2	20.7	-2.144
2	20.7	-1.88
2	20.7	-1.675
2	20.7	-1.565
2	20.7	-1.704
2	20.7	-2.053
2	20.7	-2.041
2	20.8	-1.738
2	20.8	-1.846
2	20.8	-1.75
2	20.8	-2.029
2	20.8	-2.305
2	20.8	-2.102
2	20.8	-1.895
2	20.8	-1.855
2	20.8	-1.802
2	20.8	-1.975
2	20.8	-1.592
2	20.9	-1.453
2	20.9	-1.748
2	20.9	-1.663
2	20.9	-1.855
2	20.9	-1.973
2	20.9	-1.946
2	20.9	-1.929
2	20.9	-1.953
2	20.9	-1.934
2	20.9	-1.96
2	20.9	-1.545
2	21	-1.479
2	21	-1.87
2	21	-1.995
2	21	-1.777
2	21	-1.35
2	21	-1.604
2	21	-1.548
2	21	-1.68
2	21	-1.57
2	21	-1.602
2	21	-1.538
2	21.1	-1.824
2	21.1	-2.112
2	21.1	-1.75
2	21.1	-1.685
2	21.1	-1.729
2	21.1	-1.97
2	21.1	-1.978
2	21.1	-1.824
2	21.1	-1.98
2	21.1	-2.085
2	21.1	-1.575
2	21.2	-1.589
2	21.2	-2.007
2	21.2	-1.567
2	21.2	-1.57
2	21.2	-1.829
2	21.2	-1.96
2	21.2	-1.895
2	21.2	-1.665
2	21.2	-1.729
2	21.2	-1.897
2	21.2	-2.141
2	21.3	-1.846
2	21.3	-1.477
2	21.3	-1.665
2	21.3	-2.068
2	21.3	-1.96
2	21.3	-1.494
2	21.3	-1.399
2	21.3	-1.755
2	21.3	-1.692
2	21.3	-1.462
2	21.4	-1.543
2	21.4	-1.428
2	21.4	-1.736
2	21.4	-1.572
2	21.4	-1.394
2	21.4	-1.558
2	21.4	-1.641
2	21.4	-1.707
2	21.4	-1.831
2	21.4	-1.721
2	21.4	-1.436
2	21.5	-1.489
2	21.5	-1.545
2	21.5	-1.653
2	21.5	-1.643
2	21.5	-1.328
2	21.5	-1.235
2	21.5	-1.68
2	21.5	-1.697
2	21.5	-1.443
2	21.5	-1.533
2	21.5	-1.453
2	21.5	-1.467
2	21.6	-1.504
2	21.6	-1.509
2	21.6	-1.672
2	21.6	-1.436
2	21.6	-1.377
2	21.6	-1.77
2	21.6	-1.467
2	21.6	-1.309
2	21.6	-1.382
2	21.6	-1.399
2	21.6	-1.519
2	21.7	-1.47
2	21.7	-1.14
2	21.7	-1.182
2	21.7	-1.301
2	21.7	-1.189
2	21.7	-1.257
2	21.7	-1.145
2	21.7	-1.182
2	21.7	-1.27
2	21.7	-1.418
2	21.8	-1.201
2	21.8	-1.177
2	21.8	-1.104
2	21.8	-1.313
2	21.8	-1.431
2	21.8	-1.152
2	21.8	-1.145
2	21.8	-1.108
2	21.8	-1.152
2	21.8	-1.162
2	21.8	-1.113
2	21.9	-1.125
2	21.9	-1.152
2	21.9	-1.082
2	21.9	-1.206
2	21.9	-1.226
2	21.9	-1.13
2	21.9	-1.091
2	21.9	-1.145
2	21.9	-1.121
2	21.9	-1.26
2	21.9	-1.135
2	22	-1.074
2	22	-1.15
2	22	-1.074
2	22	-1.069
2	22	-1.067
2	22	-1.067
2	22	-1.155
2	22	-1.138
2	22	-1.069
2	22	-1.062
2	22	-1.062
2	22.1	-1.067
2	22.1	-1.106
2	22.1	-1.062
2	22.1	-1.062
2	22.1	-1.067
2	22.1	-1.064
2	22.1	-1.072
2	22.1	-1.067
2	22.1	-1.067
2	22.1	-1.064
2	22.1	-1.067
2	22.2	-1.062
2	22.2	-1.069
2	22.2	-1.069
2	22.2	-1.067
2	22.2	-1.074
2	22.2	-1.074
2	22.2	-1.067
2	22.2	-1.064
2	22.2	-1.069
2	22.2	-1.062
2	22.3	-1.064
2	22.3	-1.074
2	22.3	-1.079
2	22.3	-1.086
2	22.3	-1.062
2	22.3	-1.077
2	22.3	-1.064
2	22.3	-1.082
2	22.3	-1.074
2	22.3	-1.121
2	22.3	-1.072
2	22.4	-1.128
2	22.4	-1.064
2	22.4	-1.089
2	22.4	-1.155
2	22.4	-1.067
2	22.4	-1.064
2	22.4	-1.067
2	22.4	-1.082
2	22.4	-1.079
2	22.4	-1.104
2	22.4	-1.072
2	22.5	-1.064
2	22.5	-1.072
2	22.5	-1.067
2	22.5	-1.067
2	22.5	-1.064
2	22.5	-1.062
2	22.5	-1.069
2	22.5	-1.111
2	22.5	-1.167
2	22.5	-1.138
2	22.5	-1.077
2	22.6	-1.174
2	22.6	-1.255
2	22.6	-1.265
2	22.6	-1.135
2	22.6	-1.064
2	22.6	-1.086
2	22.6	-1.152
2	22.6	-1.16
2	22.6	-1.162
2	22.6	-1.084
2	22.6	-1.067
2	22.6	-1.143
2	22.7	-1.27
2	22.7	-1.094
2	22.7	-1.064
2	22.7	-1.101
2	22.7	-1.133
2	22.7	-1.199
2	22.7	-1.064
2	22.7	-1.064
2	22.7	-1.062
2	22.7	-1.123
2	22.8	-1.091
2	22.8	-1.106
2	22.8	-1.072
2	22.8	-1.067
2	22.8	-1.118
2	22.8	-1.072
2	22.8	-1.064
2	22.8	-1.079
2	22.8	-1.06
2	22.8	-1.062
2	22.8	-1.074
2	22.9	-1.194
2	22.9	-1.064
2	22.9	-1.055
2	22.9	-1.06
2	22.9	-1.064
2	22.9	-1.108
2	22.9	-1.111
2	22.9	-1.157
2	22.9	-1.108
2	22.9	-1.062
2	22.9	-1.084
2	23	-1.299
2	23	-1.121
2	23	-1.116
2	23	-1.138
2	23	-1.143
2	23	-1.104
2	23	-1.25
2	23	-1.235
2	23	-1.316
2	23	-1.121
2	23	-1.265
2	23.1	-1.584
2	23.1	-1.282
2	23.1	-1.228
2	23.1	-1.165
2	23.1	-1.528
2	23.1	-1.367
2	23.1	-1.416
2	23.1	-1.213
2	23.1	-1.462
2	23.1	-1.477
2	23.1	-1.462
2	23.2	-1.216
2	23.2	-1.174
2	23.2	-1.384
2	23.2	-1.213
2	23.2	-1.375
2	23.2	-1.213
2	23.2	-1.372
2	23.2	-1.223
2	23.2	-1.343
2	23.2	-1.138
2	23.2	-1.138
2	23.3	-1.15
2	23.3	-1.294
2	23.3	-1.316
2	23.3	-1.15
2	23.3	-1.155
2	23.3	-1.138
2	23.3	-1.184
2	23.3	-1.204
2	23.3	-1.282
2	23.3	-1.147
2	23.3	-1.177
2	23.4	-1.306
2	23.4	-1.316
2	23.4	-1.206
2	23.4	-1.143
2	23.4	-1.14
2	23.4	-1.309
2	23.4	-1.396
2	23.4	-1.306
2	23.4	-1.162
2	23.4	-1.101
2	23.5	-1.414
2	23.5	-1.506
2	23.5	-1.526
2	23.5	-1.135
2	23.5	-1.15
2	23.5	-1.377
2	23.5	-1.357
2	23.5	-1.301
2	23.5	-1.189
2	23.5	-1.311
2	23.5	-1.326
2	23.6	-1.289
2	23.6	-1.27
2	23.6	-1.177
2	23.6	-1.128
2	23.6	-1.213
2	23.6	-1.326
2	23.6	-1.362
2	23.6	-1.243
2	23.6	-1.177
2	23.6	-1.292
2	23.6	-1.489
2	23.7	-1.313
2	23.7	-1.116
2	23.7	-1.174
2	23.7	-1.223
2	23.7	-1.313
2	23.7	-1.267
2	23.7	-1.265
2	23.7	-1.255
2	23.7	-1.34
2	23.7	-1.58
2	23.7	-1.284
2	23.7	-1.294
2	23.8	-1.211
2	23.8	-1.768
2	23.8	-1.904
2	23.8	-1.235
2	23.8	-1.318
2	23.8	-1.57
2	23.8	-1.687
2	23.8	-1.448
2	23.8	-1.562
2	23.8	-1.458
2	23.9	-1.777
2	23.9	-1.75
2	23.9	-1.743
2	23.9	-1.597
2	23.9	-1.467
2	23.9	-1.589
2	23.9	-1.709
2	23.9	-1.965
2	23.9	-1.453
2	23.9	-1.711
2	23.9	-1.819
2	24	-1.997
2	24	-1.672
2	24	-1.648
2	24	-1.79
2	24	-1.951
2	24	-2.175
2	24	-1.829
2	24	-1.658
2	24	-1.626
2	24	-1.694
2	24	-2.18
2	24.1	-2.07
2	24.1	-1.826
2	24.1	-2.229
2	24.1	-1.951
2	24.1	-1.968
2	24.1	-2.212
2	24.1	-2.078
2	24.1	-1.992
2	24.1	-2.129
2	24.1	-2.112
2	24.1	-2.368
2	24.2	-2.251
2	24.2	-1.819
2	24.2	-2.297
2	24.2	-2.161
2	24.2	-2.324
2	24.2	-2.195
2	24.2	-2.214
2	24.2	-2.285
2	24.2	-2.422
2	24.2	-2.234
2	24.2	-2.168
2	24.3	-2.256
2	24.3	-2.168
2	24.3	-2.446
2	24.3	-2.192
2	24.3	-2.004
2	24.3	-2.046
2	24.3	-2.539
2	24.3	-2.319
2	24.3	-2.075
2	24.3	-1.812
2	24.4	-2.126
2	24.4	-2.429
2	24.4	-2.236
2	24.4	-2.456
2	24.4	-2.124
2	24.4	-2.395
2	24.4	-2.341
2	24.4	-2.607
2	24.4	-2.554
2	24.4	-2.461
2	24.4	-2.141
2	24.5	-2.783
2	24.5	-2.798
2	24.5	-1.941
2	24.5	-2.429
2	24.5	-2.498
2	24.5	-2.983
2	24.5	-2.388
2	24.5	-2.183
2	24.5	-2.615
2	24.5	-2.856
2	24.5	-2.534
2	24.6	-2.725
2	24.6	-2.466
2	24.6	-2.327
2	24.6	-2.534
2	24.6	-2.871
2	24.6	-2.971
2	24.6	-2.71
2	24.6	-2.502
2	24.6	-2.512
2	24.6	-2.722
2	24.6	-2.371
2	24.7	-2.551
2	24.7	-2.405
2	24.7	-2.466
2	24.7	-2.629
2	24.7	-2.817
2	24.7	-2.327
2	24.7	-2.217
2	24.7	-2.686
2	24.7	-2.771
2	24.7	-2.59
2	24.7	-2.708
2	24.8	-2.668
2	24.8	-2.998
2	24.8	-2.893
2	24.8	-2.605
2	24.8	-2.859
2	24.8	-2.627
2	24.8	-2.595
2	24.8	-3.152
2	24.8	-3.184
2	24.8	-2.71
2	24.8	-2.832
2	24.8	-2.942
2	24.9	-3.516
2	24.9	-3.35
2	24.9	-2.791
2	24.9	-3.159
2	24.9	-3.359
2	24.9	-3.269
2	24.9	-3.528
2	24.9	-3.591
2	24.9	-3.206
2	24.9	-3.262
2	25	-3.279
2	25	-3.596
2	25	-3.55
2	25	-3.174
2	25	-3.333
2	25	-3.516
2	25	-3.484
2	25	-3.447
2	25	-3.381
2	25	-3.423
2	25	-3.367
2	25.1	-3.337
2	25.1	-3.352
2	25.1	-3.337
2	25.1	-3.318
2	25.1	-3.442
2	25.1	-3.484
2	25.1	-3.008
2	25.1	-2.91
2	25.1	-3.191
2	25.1	-3.379
2	25.1	-3.55
2	25.2	-3.193
2	25.2	-3.376
2	25.2	-3.547
2	25.2	-3.127
2	25.2	-3.298
2	25.2	-3.591
2	25.2	-3.069
2	25.2	-3.23
2	25.2	-3.354
2	25.2	-3.535
2	25.2	-3.435
2	25.3	-3.323
2	25.3	-3.442
2	25.3	-3.657
2	25.3	-3.45
2	25.3	-3.23
2	25.3	-3.315
2	25.3	-3.538
2	25.3	-3.516
2	25.3	-3.394
2	25.3	-3.157
2	25.3	-3.291
2	25.4	-3.511
2	25.4	-3.34
2	25.4	-3.306
2	25.4	-3.24
2	25.4	-3.416
2	25.4	-3.586
2	25.4	-3.416
2	25.4	-2.979
2	25.4	-3.262
2	25.4	-3.481
2	25.5	-3.372
2	25.5	-3.518
2	25.5	-3.511
2	25.5	-3.372
2	25.5	-3.093
2	25.5	-3.135
2	25.5	-3.525
2	25.5	-3.525
2	25.5	-3.091
2	25.5	-3.284
2	25.5	-3.66
2	25.6	-3.511
2	25.6	-3.328
2	25.6	-3.477
2	25.6	-3.586
2	25.6	-3.682
2	25.6	-3.613
2	25.6	-3.552
2	25.6	-3.491
2	25.6	-3.276
2	25.6	-3.508
2	25.6	-3.584
2	25.7	-3.34
2	25.7	-3.145
2	25.7	-3.418
2	25.7	-3.628
2	25.7	-3.579
2	25.7	-3.235
2	25.7	-3.306
2	25.7	-3.574
2	25.7	-3.477
2	25.7	-3.599
2	25.7	-3.594
2	25.8	-3.472
2	25.8	-3.408
2	25.8	-3.547
2	25.8	-3.56
2	25.8	-3.455
2	25.8	-3.25
2	25.8	-3.499
2	25.8	-3.696
2	25.8	-3.674
2	25.8	-3.538
2	25.8	-3.484
2	25.9	-3.682
2	25.9	-3.684
2	25.9	-3.64
2	25.9	-3.474
2	25.9	-3.577
2	25.9	-3.74
2	25.9	-3.745
2	25.9	-3.752
2	25.9	-3.613
2	25.9	-3.516
2	26	-3.667
2	26	-3.73
2	26	-3.706
2	26	-3.472
2	26	-3.511
2	26	-3.706
2	26	-3.696
2	26	-3.579
2	26	-3.53
2	26	-3.604
2	26	-3.63
2	26	-3.699
2	26.1	-3.755
2	26.1	-3.662
2	26.1	-3.501
2	26.1	-3.499
2	26.1	-3.667
2	26.1	-3.691
2	26.1	-3.628
2	26.1	-3.506
2	26.1	-3.66
2	26.1	-3.687
2	26.1	-3.638
2	26.2	-3.65
2	26.2	-3.628
2	26.2	-3.75
2	26.2	-3.767
2	26.2	-3.752
2	26.2	-3.706
2	26.2	-3.75
2	26.2	-3.757
2	26.2	-3.726
2	26.2	-3.767
2	26.2	-3.733
2	26.3	-3.752
2	26.3	-3.765
2	26.3	-3.772
2	26.3	-3.77
2	26.3	-3.748
2	26.3	-3.74
2	26.3	-3.77
2	26.3	-3.772
2	26.3	-3.718
2	26.3	-3.77
2	26.3	-3.767
2	26.4	-3.657
2	26.4	-3.733
2	26.4	-3.765
2	26.4	-3.752
2	26.4	-3.74
2	26.4	-3.687
2	26.4	-3.691
2	26.4	-3.77
2	26.4	-3.767
2	26.4	-3.752
2	26.5	-3.762
2	26.5	-3.762
2	26.5	-3.755
2	26.5	-3.757
2	26.5	-3.752
2	26.5	-3.76
2	26.5	-3.74
2	26.5	-3.755
2	26.5	-3.726
2	26.5	-3.757
2	26.5	-3.701
2	26.6	-3.762
2	26.6	-3.757
2	26.6	-3.655
2	26.6	-3.728
2	26.6	-3.76
2	26.6	-3.738
2	26.6	-3.64
2	26.6	-3.533
2	26.6	-3.604
2	26.6	-3.708
2	26.6	-3.691
2	26.7	-3.389
2	26.7	-3.613
2	26.7	-3.618
2	26.7	-3.679
2	26.7	-3.518
2	26.7	-3.494
2	26.7	-3.547
2	26.7	-3.726
2	26.7	-3.706
2	26.7	-3.533
2	26.7	-3.369
2	26.8	-3.499
2	26.8	-3.728
2	26.8	-3.652
2	26.8	-3.55
2	26.8	-3.384
2	26.8	-3.684
2	26.8	-3.643
2	26.8	-3.691
2	26.8	-3.591
2	26.8	-3.477
2	26.8	-3.491
2	26.9	-3.682
2	26.9	-3.765
2	26.9	-3.733
2	26.9	-3.484
2	26.9	-3.523
2	26.9	-3.76
2	26.9	-3.713
2	26.9	-3.542
2	26.9	-3.599
2	26.9	-3.645
2	27	-3.623
2	27	-3.652
2	27	-3.44
2	27	-3.508
2	27	-3.635
2	27	-3.63
2	27	-3.696
2	27	-3.538
2	27	-3.599
2	27	-3.628
2	27	-3.757
2	27.1	-3.743
2	27.1	-3.735
2	27.1	-3.594
2	27.1	-3.694
2	27.1	-3.752
2	27.1	-3.704
2	27.1	-3.584
2	27.1	-3.501
2	27.1	-3.696
2	27.1	-3.726
2	27.1	-3.679
2	27.1	-3.56
2	27.2	-3.55
2	27.2	-3.66
2	27.2	-3.73
2	27.2	-3.718
2	27.2	-3.662
2	27.2	-3.535
2	27.2	-3.574
2	27.2	-3.738
2	27.2	-3.679
2	27.2	-3.711
2	27.2	-3.596
2	27.3	-3.728
2	27.3	-3.757
2	27.3	-3.748
2	27.3	-3.594
2	27.3	-3.74
2	27.3	-3.767
2	27.3	-3.694
2	27.3	-3.726
2	27.3	-3.645
2	27.3	-3.762
2	27.4	-3.76
2	27.4	-3.765
2	27.4	-3.76
2	27.4	-3.765
2	27.4	-3.723
2	27.4	-3.765
2	27.4	-3.721
2	27.4	-3.765
2	27.4	-3.716
2	27.4	-3.669
2	27.4	-3.765
2	27.5	-3.767
2	27.5	-3.76
2	27.5	-3.713
2	27.5	-3.74
2	27.5	-3.767
2	27.5	-3.762
2	27.5	-3.767
2	27.5	-3.76
2	27.5	-3.728
2	27.5	-3.765
2	27.5	-3.748
2	27.6	-3.757
2	27.6	-3.748
2	27.6	-3.757
2	27.6	-3.73
2	27.6	-3.748
2	27.6	-3.73
2	27.6	-3.64
2	27.6	-3.743
2	27.6	-3.765
2	27.6	-3.762
2	27.6	-3.767
2	27.7	-3.752
2	27.7	-3.701
2	27.7	-3.767
2	27.7	-3.623
2	27.7	-3.713
2	27.7	-3.767
2	27.7	-3.77
2	27.7	-3.569
2	27.7	-3.159
2	27.7	-3.618
2	27.7	-3.701
2	27.8	-3.513
2	27.8	-3.22
2	27.8	-3.411
2	27.8	-3.496
2	27.8	-3.716
2	27.8	-3.564
2	27.8	-3.418
2	27.8	-3.384
2	27.8	-3.694
2	27.8	-3.718
2	27.8	-3.477
2	27.9	-3.416
2	27.9	-3.242
2	27.9	-3.289
2	27.9	-3.188
2	27.9	-3.171
2	27.9	-3.237
2	27.9	-3.223
2	27.9	-3.311
2	27.9	-3.638
2	27.9	-3.562
2	28	-3.079
2	28	-3.521
2	28	-3.623
2	28	-3.669
2	28	-3.411
2	28	-3.364
2	28	-3.518
2	28	-3.591
2	28	-3.276
2	28	-3.242
2	28	-3.276
2	28.1	-2.952
2	28.1	-3.44
2	28.1	-3.435
2	28.1	-3.411
2	28.1	-3.23
2	28.1	-3.311
2	28.1	-3.406
2	28.1	-3.645
2	28.1	-3.308
2	28.1	-3.152
2	28.1	-3.34
2	28.2	-3.374
2	28.2	-3.389
2	28.2	-3.169
2	28.2	-2.769
2	28.2	-2.622
2	28.2	-2.83
2	28.2	-3.013
2	28.2	-2.793
2	28.2	-2.236
2	28.2	-2.405
2	28.2	-2.842
2	28.2	-2.825
2	28.3	-2.637
2	28.3	-2.434
2	28.3	-2.454
2	28.3	-2.947
2	28.3	-3.035
2	28.3	-3.042
2	28.3	-2.878
2	28.3	-2.505
2	28.3	-2.561
2	28.3	-2.566
2	28.3	-2.319
2	28.4	-2.141
2	28.4	-2.258
2	28.4	-2.727
2	28.4	-2.844
2	28.4	-2.446
2	28.4	-2.405
2	28.4	-2.808
2	28.4	-2.856
2	28.4	-2.854
2	28.4	-2.642
2	28.5	-2.361
2	28.5	-2.322
2	28.5	-2.615
2	28.5	-2.739
2	28.5	-2.742
2	28.5	-2.458
2	28.5	-2.405
2	28.5	-2.842
2	28.5	-2.742
2	28.5	-2.773
2	28.5	-2.625
2	28.6	-2.72
2	28.6	-2.896
2	28.6	-3.069
2	28.6	-2.625
2	28.6	-2.173
2	28.6	-2.651
2	28.6	-2.966
2	28.6	-2.976
2	28.6	-2.561
2	28.6	-2.554
2	28.6	-3.12
2	28.7	-3.352
2	28.7	-3.159
2	28.7	-3.059
2	28.7	-3.184
2	28.7	-3.147
2	28.7	-3.477
2	28.7	-3.42
2	28.7	-3.359
2	28.7	-3.21
2	28.7	-3.489
2	28.7	-3.599
2	28.8	-3.643
2	28.8	-3.301
2	28.8	-3.254
2	28.8	-3.516
2	28.8	-3.511
2	28.8	-3.396
2	28.8	-3.145
2	28.8	-3.127
2	28.8	-3.484
2	28.8	-3.718
2	28.8	-3.457
2	28.9	-3.252
2	28.9	-3.398
2	28.9	-3.625
2	28.9	-3.682
2	28.9	-3.572
2	28.9	-3.35
2	28.9	-3.687
2	28.9	-3.596
2	28.9	-3.489
2	28.9	-3.555
2	29	-3.11
2	29	-3.008
2	29	-3.35
2	29	-3.428
2	29	-3.047
2	29	-2.957
2	29	-3.379
2	29	-3.66
2	29	-3.64
2	29	-3.586
2	29	-3.66
2	29.1	-3.418
2	29.1	-3.677
2	29.1	-3.682
2	29.1	-3.474
2	29.1	-3.254
2	29.1	-3.42
2	29.1	-3.589
2	29.1	-3.594
2	29.1	-3.325
2	29.1	-3.342
2	29.1	-3.601
2	29.2	-3.45
2	29.2	-3.462
2	29.2	-3.403
2	29.2	-3.403
2	29.2	-3.389
2	29.2	-3.567
2	29.2	-3.433
2	29.2	-3.567
2	29.2	-3.513
2	29.2	-3.406
2	29.2	-3.667
2	29.3	-3.713
2	29.3	-3.589
2	29.3	-3.418
2	29.3	-3.418
2	29.3	-3.594
2	29.3	-3.481
2	29.3	-2.952
2	29.3	-3.054
2	29.3	-3.315
2	29.3	-3.328
2	29.3	-3.064
2	29.4	-2.747
2	29.4	-2.5
2	29.4	-2.944
2	29.4	-3.074
2	29.4	-2.51
2	29.4	-2.363
2	29.4	-2.41
2	29.4	-2.72
2	29.4	-2.485
2	29.4	-2.473
2	29.4	-2.378
2	29.5	-2.903
2	29.5	-2.563
2	29.5	-2.183
2	29.5	-1.658
2	29.5	-1.35
2	29.5	-1.338
2	29.5	-1.418
2	29.5	-1.345
2	29.5	-1.096
2	29.5	-1.218
2	29.5	-1.345
2	29.6	-1.475
2	29.6	-1.416
2	29.6	-1.365
2	29.6	-1.318
2	29.6	-1.399
2	29.6	-1.44
2	29.6	-1.462
2	29.6	-1.47
2	29.6	-1.514
2	29.6	-1.624
2	29.6	-1.431
2	29.7	-1.316
2	29.7	-1.245
2	29.7	-1.377
2	29.7	-1.777
2	29.7	-1.79
2	29.7	-1.848
2	29.7	-1.775
2	29.7	-1.953
2	29.7	-2.241
2	29.7	-2.158
2	29.7	-2.078
2	29.8	-1.865
2	29.8	-1.936
2	29.8	-1.99
2	29.8	-1.807
2	29.8	-1.528
2	29.8	-1.404
2	29.8	-1.528
2	29.8	-1.785
2	29.8	-1.396
2	29.8	-1.292
2	29.9	-1.25
2	29.9	-1.25
2	29.9	-1.377
2	29.9	-1.445
2	29.9	-1.326
2	29.9	-1.104
2	29.9	-1.226
2	29.9	-1.379
2	29.9	-1.501
2	29.9	-1.169
2	29.9	-1.458
2	30	-1.27
2	30	-1.182
2	30	-1.387
2	30	-1.172
2	30	-1.052
2	30	-1.04
2	30	-1.047
2	30	-1.035
2	30	-1.035
2	30	-1.221
2	30	-1.099
2	30.1	-1.045
2	30.1	-1.072
2	30.1	-1.118
2	30.1	-1.082
2	30.1	-1.052
2	30.1	-1.067
2	30.1	-1.084
2	30.1	-1.47
2	30.1	-1.16
2	30.1	-1.108
2	30.1	-1.091
2	30.2	-1.274
2	30.2	-1.079
2	30.2	-1.052
2	30.2	-1.055
2	30.2	-1.086
2	30.2	-1.06
2	30.2	-1.052
2	30.2	-1.072
2	30.2	-1.089
2	30.2	-1.077
2	30.2	-1.064
2	30.3	-1.064
2	30.3	-1.069
2	30.3	-1.101
2	30.3	-1.143
2	30.3	-1.067
2	30.3	-1.062
2	30.3	-1.16
2	30.3	-1.128
2	30.3	-1.13
2	30.3	-1.045
2	30.4	-1.06
2	30.4	-1.055
2	30.4	-1.064
2	30.4	-1.047
2	30.4	-1.045
2	30.4	-1.069
2	30.4	-1.055
2	30.4	-1.055
2	30.4	-1.133
2	30.4	-1.084
2	30.4	-1.091
2	30.5	-1.06
2	30.5	-1.05
2	30.5	-1.052
2	30.5	-1.177
2	30.5	-1.265
2	30.5	-1.382
2	30.5	-1.345
2	30.5	-1.265
2	30.5	-1.177
2	30.5	-1.235
2	30.5	-1.24
2	30.5	-1.13
2	30.6	-1.062
2	30.6	-1.084
2	30.6	-1.299
2	30.6	-1.384
2	30.6	-1.157
2	30.6	-1.13
2	30.6	-1.392
2	30.6	-1.577
2	30.6	-1.392
2	30.6	-1.155
2	30.6	-1.213
2	30.7	-1.257
2	30.7	-1.36
2	30.7	-1.125
2	30.7	-1.106
2	30.7	-1.299
2	30.7	-1.274
2	30.7	-1.213
2	30.7	-1.301
2	30.7	-1.104
2	30.7	-1.057
2	30.8	-1.069
2	30.8	-1.226
2	30.8	-1.04
2	30.8	-1.033
2	30.8	-1.165
2	30.8	-1.443
2	30.8	-1.401
2	30.8	-1.66
2	30.8	-1.46
2	30.8	-1.738
2	30.8	-1.34
2	30.9	-1.248
2	30.9	-1.252
2	30.9	-1.155
2	30.9	-1.191
2	30.9	-1.299
2	30.9	-1.177
2	30.9	-1.079
2	30.9	-1.077
2	30.9	-1.106
2	30.9	-1.284
2	30.9	-1.235
2	31	-1.118
2	31	-1.104
2	31	-1.084
2	31	-1.091
2	31	-1.091
2	31	-1.06
2	31	-1.06
2	31	-1.069
2	31	-1.123
2	31	-1.14
2	31	-1.069
2	31.1	-1.052
2	31.1	-1.096
2	31.1	-1.125
2	31.1	-1.213
2	31.1	-1.074
2	31.1	-1.084
2	31.1	-1.064
2	31.1	-1.113
2	31.1	-1.099
2	31.1	-1.062
2	31.1	-1.064
2	31.2	-1.157
2	31.2	-1.133
2	31.2	-1.14
2	31.2	-1.191
2	31.2	-1.145
2	31.2	-1.067
2	31.2	-1.077
2	31.2	-1.147
2	31.2	-1.057
2	31.2	-1.069
2	31.2	-1.089
2	31.3	-1.101
2	31.3	-1.106
2	31.3	-1.079
2	31.3	-1.128
2	31.3	-1.057
2	31.3	-1.201
2	31.3	-1.106
2	31.3	-1.055
2	31.3	-1.094
2	31.3	-1.125
2	31.4	-1.067
2	31.4	-1.086
2	31.4	-1.138
2	31.4	-1.091
2	31.4	-1.062
2	31.4	-1.15
2	31.4	-1.128
2	31.4	-1.091
2	31.4	-1.091
2	31.4	-1.194
2	31.4	-1.375
2	31.5	-1.138
2	31.5	-1.15
2	31.5	-1.091
2	31.5	-1.169
2	31.5	-1.089
2	31.5	-1.272
2	31.5	-1.206
2	31.5	-1.05
2	31.5	-1.05
2	31.5	-1.162
2	31.5	-1.294
2	31.6	-1.116
2	31.6	-1.089
2	31.6	-1.108
2	31.6	-1.177
2	31.6	-1.077
2	31.6	-1.062
2	31.6	-1.045
2	31.6	-1.111
2	31.6	-1.211
2	31.6	-1.191
2	31.6	-1.143
2	31.6	-1.108
2	31.7	-1.162
2	31.7	-1.331
2	31.7	-1.292
2	31.7	-1.189
2	31.7	-1.125
2	31.7	-1.106
2	31.7	-1.145
2	31.7	-1.101
2	31.7	-1.064
2	31.7	-1.047
2	31.7	-1.072
2	31.8	-1.326
2	31.8	-1.643
2	31.8	-1.277
2	31.8	-1.272
2	31.8	-1.448
2	31.8	-1.431
2	31.8	-1.555
2	31.8	-1.445
2	31.8	-1.304
2	31.8	-1.282
2	31.9	-1.465
2	31.9	-1.516
2	31.9	-1.47
2	31.9	-1.201
2	31.9	-1.257
2	31.9	-1.387
2	31.9	-1.248
2	31.9	-1.25
2	31.9	-1.221
2	31.9	-1.262
2	31.9	-1.311
2	32	-1.448
2	32	-1.194
2	32	-1.233
2	32	-1.318
2	32	-1.34
2	32	-1.384
2	32	-1.414
2	32	-1.187
2	32	-1.104
2	32	-1.191
2	32	-1.338
2	32.1	-1.201
2	32.1	-1.113
2	32.1	-1.055
2	32.1	-1.392
2	32.1	-1.687
2	32.1	-1.233
2	32.1	-1.091
2	32.1	-1.174
2	32.1	-1.77
2	32.1	-1.553
2	32.1	-1.235
2	32.2	-1.326
2	32.2	-1.536
2	32.2	-1.343
2	32.2	-1.338
2	32.2	-1.133
2	32.2	-1.157
2	32.2	-1.331
2	32.2	-1.531
2	32.2	-1.27
2	32.2	-1.257
2	32.2	-1.265
2	32.3	-1.37
2	32.3	-1.458
2	32.3	-1.233
2	32.3	-1.116
2	32.3	-1.25
2	32.3	-1.509
2	32.3	-1.565
2	32.3	-1.311
2	32.3	-1.069
2	32.3	-1.282
2	32.4	-1.248
2	32.4	-1.284
2	32.4	-1.287
2	32.4	-1.194
2	32.4	-1.26
2	32.4	-1.611
2	32.4	-1.75
2	32.4	-1.533
2	32.4	-1.516
2	32.4	-1.453
2	32.4	-1.763
2	32.5	-1.66
2	32.5	-1.65
2	32.5	-1.87
2	32.5	-1.938
2	32.5	-2.09
2	32.5	-2.2
2	32.5	-1.809
2	32.5	-1.775
2	32.5	-1.931
2	32.5	-1.743
2	32.5	-2.449
2	32.6	-2.388
2	32.6	-1.841
2	32.6	-1.924
2	32.6	-2.144
2	32.6	-2.329
2	32.6	-2.537
2	32.6	-2.329
2	32.6	-2.59
2	32.6	-2.766
2	32.6	-2.683
2	32.6	-2.766
2	32.7	-2.368
2	32.7	-2.559
2	32.7	-3.022
2	32.7	-2.761
2	32.7	-2.17
2	32.7	-2.705
2	32.7	-2.817
2	32.7	-3.252
2	32.7	-3.323
2	32.7	-2.678
2	32.7	-2.559
2	32.7	-2.668
2	32.8	-2.979
2	32.8	-3.11
2	32.8	-2.869
2	32.8	-2.505
2	32.8	-2.996
2	32.8	-3.054
2	32.8	-3.057
2	32.8	-2.778
2	32.8	-2.554
2	32.8	-2.651
2	32.8	-3.333
2	32.9	-2.773
2	32.9	-2.126
2	32.9	-2.246
2	32.9	-2.524
2	32.9	-2.786
2	32.9	-2.654
2	32.9	-2.693
2	32.9	-2.397
2	32.9	-2.524
2	32.9	-2.451
2	33	-2.695
2	33	-2.246
2	33	-2.268
2	33	-2.239
2	33	-2.144
2	33	-2.231
2	33	-1.848
2	33	-1.78
2	33	-1.77
2	33	-2.197
2	33	-2.161
2	33.1	-2.173
2	33.1	-2.134
2	33.1	-2.317
2	33.1	-2.51
2	33.1	-2.441
2	33.1	-2.139
2	33.1	-1.992
2	33.1	-1.985
2	33.1	-2.329
2	33.1	-2.292
2	33.1	-2.039
2	33.2	-2.334
2	33.2	-2.043
2	33.2	-2.28
2	33.2	-2.771
2	33.2	-2.305
2	33.2	-1.887
2	33.2	-2.046
2	33.2	-2.4
2	33.2	-2.668
2	33.2	-1.892
2	33.2	-1.572
2	33.3	-2.268
2	33.3	-2.683
2	33.3	-2.297
2	33.3	-1.965
2	33.3	-1.892
2	33.3	-2.065
2	33.3	-2.598
2	33.3	-2.485
2	33.3	-1.868
2	33.3	-2.119
2	33.3	-2.383
2	33.4	-2.402
2	33.4	-2.434
2	33.4	-2.5
2	33.4	-2.437
2	33.4	-2.908
2	33.4	-2.971
2	33.4	-2.81
2	33.4	-2.549
2	33.4	-2.385
2	33.4	-2.83
2	33.5	-2.727
2	33.5	-2.153
2	33.5	-2.278
2	33.5	-2.378
2	33.5	-2.524
2	33.5	-2.529
2	33.5	-2.261
2	33.5	-2.092
2	33.5	-2.485
2	33.5	-2.366
2	33.5	-2.3
2	33.6	-2.148
2	33.6	-2.241
2	33.6	-2.136
2	33.6	-2.3
2	33.6	-2.222
2	33.6	-2.583
2	33.6	-2.59
2	33.6	-2.039
2	33.6	-2.468
2	33.6	-2.644
2	33.6	-2.656
2	33.7	-2.136
2	33.7	-2.373
2	33.7	-2.449
2	33.7	-2.622
2	33.7	-1.907
2	33.7	-1.907
2	33.7	-2.59
2	33.7	-2.751
2	33.7	-2.429
2	33.7	-2.241
2	33.7	-2.434
2	33.8	-2.288
2	33.8	-2.583
2	33.8	-2.383
2	33.8	-2.136
2	33.8	-1.887
2	33.8	-2.397
2	33.8	-2.373
2	33.8	-2.056
2	33.8	-1.714
2	33.8	-1.877
2	33.8	-2.231
2	33.9	-2.112
2	33.9	-1.87
2	33.9	-2.021
2	33.9	-2.427
2	33.9	-2.466
2	33.9	-2.761
2	33.9	-2.39
2	33.9	-2.297
2	33.9	-2.271
2	33.9	-2.891
2	33.9	-2.788
2	34	-2.788
2	34	-2.227
2	34	-2.505
2	34	-3.198
2	34	-2.749
2	34	-2.522
2	34	-2.649
2	34	-2.864
2	34	-3.281
2	34	-3.198
2	34	-2.874
2	34.1	-2.627
2	34.1	-2.957
2	34.1	-3.369
2	34.1	-3.286
2	34.1	-2.737
2	34.1	-3.047
2	34.1	-3.171
2	34.1	-3.057
2	34.1	-2.974
2	34.1	-3.171
2	34.1	-3.032
2	34.2	-2.869
2	34.2	-3
2	34.2	-3.347
2	34.2	-2.861
2	34.2	-2.673
2	34.2	-2.742
2	34.2	-3.064
2	34.2	-3.076
2	34.2	-2.612
2	34.2	-2.705
2	34.2	-2.854
2	34.3	-2.869
2	34.3	-2.969
2	34.3	-3.064
2	34.3	-2.471
2	34.3	-2.161
2	34.3	-2.8
2	34.3	-2.837
2	34.3	-2.979
2	34.3	-2.351
2	34.3	-2.175
2	34.3	-2.788
2	34.4	-2.954
2	34.4	-2.566
2	34.4	-2.578
2	34.4	-2.993
2	34.4	-2.812
2	34.4	-3.21
2	34.4	-3.054
2	34.4	-2.92
2	34.4	-2.773
2	34.4	-3.054
2	34.5	-3.381
2	34.5	-2.961
2	34.5	-2.358
2	34.5	-2.588
2	34.5	-2.93
2	34.5	-3.022
2	34.5	-2.405
2	34.5	-2.083
2	34.5	-2.5
2	34.5	-2.788
2	34.5	-2.678
2	34.6	-2.48
2	34.6	-2.239
2	34.6	-2.766
2	34.6	-2.856
2	34.6	-2.795
2	34.6	-2.236
2	34.6	-2.429
2	34.6	-2.664
2	34.6	-2.708
2	34.6	-2.529
2	34.6	-2.466
2	34.7	-2.576
2	34.7	-2.49
2	34.7	-2.778
2	34.7	-2.605
2	34.7	-2.795
2	34.7	-2.434
2	34.7	-2.554
2	34.7	-2.676
2	34.7	-2.744
2	34.7	-2.327
2	34.7	-2.51
2	34.8	-2.549
2	34.8	-2.437
2	34.8	-2.295
2	34.8	-2.329
2	34.8	-2.224
2	34.8	-2.527
2	34.8	-3.044
2	34.8	-2.915
2	34.8	-2.632
2	34.8	-2.017
2	34.8	-2.524
2	34.9	-2.942
2	34.9	-2.986
2	34.9	-2.61
2	34.9	-2.62
2	34.9	-3.02
2	34.9	-3.215
2	34.9	-3.081
2	34.9	-2.744
2	34.9	-2.869
2	34.9	-2.847
2	35	-3.203
2	35	-2.805
2	35	-2.8
2	35	-2.288
2	35	-2.668
2	35	-2.961
2	35	-2.654
2	35	-2.295
2	35	-2.332
2	35	-2.964
2	35	-2.893
2	35	-2.468
2	35.1	-2.544
2	35.1	-3.018
2	35.1	-2.976
2	35.1	-3.206
2	35.1	-2.69
2	35.1	-2.595
2	35.1	-2.681
2	35.1	-2.8
2	35.1	-2.888
2	35.1	-2.588
2	35.1	-2.114
2	35.2	-2.097
2	35.2	-2.793
2	35.2	-2.642
2	35.2	-2.312
2	35.2	-2.092
2	35.2	-2.312
2	35.2	-2.598
2	35.2	-2.546
2	35.2	-2.251
2	35.2	-2.212
2	35.2	-2.515
2	35.3	-2.817
2	35.3	-2.6
2	35.3	-2.183
2	35.3	-2.305
2	35.3	-2.278
2	35.3	-2.712
2	35.3	-2.737
2	35.3	-2.104
2	35.3	-2.048
2	35.3	-2.686
2	35.4	-2.847
2	35.4	-2.412
2	35.4	-2.458
2	35.4	-2.209
2	35.4	-2.393
2	35.4	-2.983
2	35.4	-2.837
2	35.4	-2.549
2	35.4	-2.288
2	35.4	-2.458
2	35.4	-2.869
2	35.5	-2.463
2	35.5	-2.19
2	35.5	-2.351
2	35.5	-2.224
2	35.5	-2.654
2	35.5	-2.666
2	35.5	-2.346
2	35.5	-1.885
2	35.5	-2.2
2	35.5	-2.788
2	35.5	-2.837
2	35.6	-1.968
2	35.6	-2.168
2	35.6	-2.793
2	35.6	-2.412
2	35.6	-2.163
2	35.6	-2.063
2	35.6	-2.239
2	35.6	-2.485
2	35.6	-2.434
2	35.6	-2.166
2	35.6	-1.904
2	35.7	-1.948
2	35.7	-2.126
2	35.7	-2.378
2	35.7	-1.599
2	35.7	-1.548
2	35.7	-1.873
2	35.7	-2.244
2	35.7	-2.205
2	35.7	-2.043
2	35.7	-2.166
2	35.7	-2.219
2	35.8	-2.327
2	35.8	-2.412
2	35.8	-2.5
2	35.8	-2.119
2	35.8	-2.588
2	35.8	-2.776
2	35.8	-2.39
2	35.8	-2.046
2	35.8	-2.385
2	35.8	-2.49
2	35.8	-2.395
2	35.9	-2.483
2	35.9	-1.958
2	35.9	-2.258
2	35.9	-2.222
2	35.9	-2.319
2	35.9	-2.253
2	35.9	-2.19
2	35.9	-1.909
2	35.9	-2.219
2	35.9	-2.351
2	36	-1.873
2	36	-1.648
2	36	-1.755
2	36	-2.349
2	36	-2.056
2	36	-1.746
2	36	-2.19
2	36	-2.195
2	36	-1.479
2	36	-1.528
2	36	-2.078
2	36.1	-1.519
2	36.1	-1.567
2	36.1	-1.458
2	36.1	-1.67
2	36.1	-1.66
2	36.1	-1.401
2	36.1	-1.599
2	36.1	-2.146
2	36.1	-1.753
2	36.1	-1.438
2	36.1	-1.509
2	36.1	-1.76
2	36.2	-1.648
2	36.2	-2.017
2	36.2	-1.667
2	36.2	-1.628
2	36.2	-1.978
2	36.2	-2.104
2	36.2	-2.017
2	36.2	-1.631
2	36.2	-1.641
2	36.2	-2.102
2	36.3	-2.349
2	36.3	-1.709
2	36.3	-1.68
2	36.3	-1.519
2	36.3	-1.755
2	36.3	-1.887
2	36.3	-1.523
2	36.3	-1.626
2	36.3	-1.355
2	36.3	-1.765
2	36.3	-2.168
2	36.4	-2.339
2	36.4	-1.672
2	36.4	-1.782
2	36.4	-2.119
2	36.4	-2.08
2	36.4	-1.653
2	36.4	-1.602
2	36.4	-1.851
2	36.4	-1.98
2	36.4	-1.963
2	36.4	-1.863
2	36.5	-1.677
2	36.5	-1.375
2	36.5	-1.77
2	36.5	-1.707
2	36.5	-1.721
2	36.5	-1.614
2	36.5	-1.477
2	36.5	-1.58
2	36.5	-1.704
2	36.5	-1.438
2	36.5	-1.45
2	36.6	-1.455
2	36.6	-1.323
2	36.6	-1.604
2	36.6	-1.873
2	36.6	-1.621
2	36.6	-1.177
2	36.6	-1.387
2	36.6	-1.672
2	36.6	-1.99
2	36.6	-1.255
2	36.6	-1.45
2	36.7	-1.895
2	36.7	-1.777
2	36.7	-1.589
2	36.7	-1.548
2	36.7	-1.624
2	36.7	-1.917
2	36.7	-1.814
2	36.7	-1.577
2	36.7	-1.858
2	36.7	-1.736
2	36.7	-1.68
2	36.8	-1.831
2	36.8	-1.79
2	36.8	-1.394
2	36.8	-1.575
2	36.8	-1.853
2	36.8	-1.885
2	36.8	-1.895
2	36.8	-1.453
2	36.8	-1.655
2	36.8	-1.956
2	36.9	-1.902
2	36.9	-1.477
2	36.9	-1.501
2	36.9	-2.053
2	36.9	-2.278
2	36.9	-1.804
2	36.9	-1.719
2	36.9	-1.724
2	36.9	-1.821
2	36.9	-1.736
2	36.9	-2.144
2	37	-1.958
2	37	-1.973
2	37	-2.019
2	37	-2.104
2	37	-1.807
2	37	-1.809
2	37	-1.758
2	37	-1.873
2	37	-2.202
2	37	-1.846
2	37	-1.66
2	37.1	-1.851
2	37.1	-2.083
2	37.1	-2.19
2	37.1	-2.002
2	37.1	-1.797
2	37.1	-1.968
2	37.1	-2.021
2	37.1	-2.031
2	37.1	-1.78
2	37.1	-1.816
2	37.1	-1.714
2	37.2	-1.619
2	37.2	-1.912
2	37.2	-1.758
2	37.2	-1.643
2	37.2	-1.655
2	37.2	-1.938
2	37.2	-1.917
2	37.2	-1.707
2	37.2	-1.404
2	37.2	-1.533
2	37.2	-1.726
2	37.3	-1.936
2	37.3	-1.482
2	37.3	-1.665
2	37.3	-1.624
2	37.3	-1.582
2	37.3	-2.141
2	37.3	-1.804
2	37.3	-1.44
2	37.3	-1.584
2	37.3	-1.938
2	37.3	-1.992
2	37.4	-1.729
2	37.4	-1.279
2	37.4	-1.812
2	37.4	-2.051
2	37.4	-1.873
2	37.4	-2.031
2	37.4	-1.555
2	37.4	-1.533
2	37.4	-1.746
2	37.4	-2.041
2	37.4	-1.724
2	37.5	-1.719
2	37.5	-1.753
2	37.5	-2.375
2	37.5	-2.515
2	37.5	-1.936
2	37.5	-1.938
2	37.5	-2.205
2	37.5	-2.598
2	37.5	-2.5
2	37.5	-2.214
2	37.5	-1.965
2	37.6	-2.449
2	37.6	-2.322
2	37.6	-2.065
2	37.6	-1.941
2	37.6	-1.982
2	37.6	-2.036
2	37.6	-1.931
2	37.6	-1.736
2	37.6	-1.741
2	37.6	-1.907
2	37.6	-2.371
2	37.7	-2.439
2	37.7	-2.485
2	37.7	-2.517
2	37.7	-2.505
2	37.7	-2.49
2	37.7	-2.788
2	37.7	-2.783
2	37.7	-2.429
2	37.7	-2.104
2	37.7	-2.175
2	37.7	-2.566
2	37.8	-2.654
2	37.8	-1.929
2	37.8	-2.197
2	37.8	-2.29
2	37.8	-2.485
2	37.8	-2.334
2	37.8	-2.449
2	37.8	-2.581
2	37.8	-2.703
2	37.8	-2.703
2	37.9	-2.717
2	37.9	-2.505
2	37.9	-2.478
2	37.9	-2.952
2	37.9	-2.805
2	37.9	-2.559
2	37.9	-2.312
2	37.9	-2.798
2	37.9	-2.866
2	37.9	-2.944
2	37.9	-2.742
2	38	-2.451
2	38	-2.432
2	38	-2.786
2	38	-2.834
2	38	-2.522
2	38	-2.334
2	38	-2.236
2	38	-2.549
2	38	-2.637
2	38	-2.1
2	38	-2.163
2	38.1	-2.258
2	38.1	-2.622
2	38.1	-2.493
2	38.1	-2.126
2	38.1	-2.222
2	38.1	-2.559
2	38.1	-2.502
2	38.1	-2.295
2	38.1	-2.217
2	38.1	-2.014
2	38.1	-2.024
2	38.2	-2.266
2	38.2	-2.019
2	38.2	-1.609
2	38.2	-1.604
2	38.2	-1.99
2	38.2	-2.38
2	38.2	-2.131
2	38.2	-1.968
2	38.2	-1.953
2	38.2	-2.051
2	38.2	-2.422
2	38.3	-2.178
2	38.3	-1.985
2	38.3	-1.785
2	38.3	-2.058
2	38.3	-2.158
2	38.3	-2.29
2	38.3	-2.097
2	38.3	-2.065
2	38.3	-2.043
2	38.3	-2.185
2	38.3	-2.72
2	38.4	-2.146
2	38.4	-1.965
2	38.4	-1.953
2	38.4	-2.51
2	38.4	-2.302
2	38.4	-1.868
2	38.4	-1.643
2	38.4	-2.187
2	38.4	-2.432
2	38.4	-1.951
2	38.4	-1.75
2	38.5	-1.99
2	38.5	-2.117
2	38.5	-1.941
2	38.5	-2.275
2	38.5	-1.899
2	38.5	-1.882
2	38.5	-1.758
2	38.5	-2.378
2	38.5	-2.483
2	38.5	-2.307
2	38.5	-1.753
2	38.6	-2.378
2	38.6	-2.578
2	38.6	-2.488
2	38.6	-2.307
2	38.6	-2.078
2	38.6	-2.666
2	38.6	-2.593
2	38.6	-2.373
2	38.6	-1.96
2	38.6	-2.312
2	38.6	-2.354
2	38.7	-2.395
2	38.7	-2.068
2	38.7	-1.914
2	38.7	-1.938
2	38.7	-2.114
2	38.7	-2.417
2	38.7	-1.672
2	38.7	-1.523
2	38.7	-2.043
2	38.7	-2.473
2	38.8	-2.036
2	38.8	-2.104
2	38.8	-1.929
2	38.8	-1.79
2	38.8	-2.163
2	38.8	-2.087
2	38.8	-1.824
2	38.8	-1.56
2	38.8	-1.79
2	38.8	-2.2
2	38.8	-1.97
2	38.9	-1.643
2	38.9	-1.821
2	38.9	-1.899
2	38.9	-2.092
2	38.9	-2.056
2	38.9	-1.716
2	38.9	-1.616
2	38.9	-1.794
2	38.9	-1.846
2	38.9	-1.702
2	38.9	-1.45
2	39	-1.321
2	39	-1.56
2	39	-1.399
2	39	-1.213
2	39	-1.277
2	39	-1.138
2	39	-1.257
2	39	-1.201
2	39	-1.052
2	39	-1.05
2	39	-1.033
2	39.1	-1.028
2	39.1	-1.16
2	39.1	-1.047
2	39.1	-1.118
2	39.1	-1.069
2	39.1	-1.023
2	39.1	-1.018
2	39.1	-1.121
2	39.1	-1.206
2	39.1	-1.104
2	39.1	-1.04
2	39.2	-1.118
2	39.2	-1.306
2	39.2	-1.311
2	39.2	-1.145
2	39.2	-1.05
2	39.2	-1.157
2	39.2	-1.589
2	39.2	-1.711
2	39.2	-1.763
2	39.2	-1.582
2	39.3	-1.76
2	39.3	-2.268
2	39.3	-3.008
2	39.3	-2.4
2	39.3	-2.656
2	39.3	-2.852
2	39.3	-3.127
2	39.3	-3.662
2	39.3	-3.684
2	39.3	-3.491
2	39.3	-3.796
2	39.4	-3.586
2	39.4	-3.513
2	39.4	-3.64
2	39.4	-3.674
2	39.4	-3.21
2	39.4	-2.559
2	39.4	-2.449
2	39.4	-2.268
2	39.4	-2.068
2	39.4	-1.873
2	39.4	-1.284
2	39.5	-1.06
2	39.5	-1.167
2	39.5	-1.077
2	39.5	-1.072
2	39.5	-1.484
2	39.5	-1.87
2	39.5	-1.648
2	39.5	-1.753
2	39.5	-2.463
2	39.5	-3.149
2	39.5	-3.508
2	39.5	-3.413
2	39.6	-3.545
2	39.6	-3.796
2	39.6	-3.662
2	39.6	-3.474
2	39.6	-3.074
2	39.6	-2.844
2	39.6	-2.244
2	39.6	-1.309
2	39.6	-1.062
2	39.6	-1.123
2	39.6	-1.089
2	39.7	-1.021
2	39.7	-1.03
2	39.7	-1.025
2	39.7	-1.038
2	39.7	-1.025
2	39.7	-1.033
2	39.7	-1.047
2	39.7	-1.03
2	39.7	-1.052
2	39.7	-1.055
2	39.8	-1.047
2	39.8	-1.05
2	39.8	-1.057
2	39.8	-1.035
2	39.8	-1.045
2	39.8	-1.038
2	39.8	-1.04
2	39.8	-1.035
2	39.8	-1.05
2	39.8	-1.101
2	39.8	-1.055
2	39.9	-1.035
2	39.9	-1.069
2	39.9	-1.089
2	39.9	-1.047
2	39.9	-1.196
2	39.9	-1.057
2	39.9	-1.035
2	39.9	-1.113
2	39.9	-1.182
2	39.9	-1.104
2	39.9	-1.091
2	40	-1.145
2	40	-1.367
2	40	-1.409
2	40	-1.257
2	40	-1.245
2	40	-1.348
2	40	-1.414
2	40	-1.575
2	40	-1.216
2	40	-1.123
2	40	-1.543
2	40.1	-1.409
2	40.1	-1.294
2	40.1	-1.333
2	40.1	-1.23
2	40.1	-1.506
2	40.1	-1.521
2	40.1	-1.292
2	40.1	-1.309
2	40.1	-1.44
2	40.1	-1.418
2	40.1	-1.746
2	40.2	-1.602
2	40.2	-1.328
2	40.2	-1.184
2	40.2	-1.548
2	40.2	-1.565
2	40.2	-1.475
2	40.2	-1.199
2	40.2	-1.189
2	40.2	-1.68
2	40.2	-1.606
2	40.3	-1.211
2	40.3	-1.133
2	40.3	-1.274
2	40.3	-1.428
2	40.3	-1.523
2	40.3	-1.116
2	40.3	-1.152
2	40.3	-1.204
2	40.3	-1.206
2	40.3	-1.174
2	40.3	-1.111
2	40.4	-1.033
2	40.4	-1.038
2	40.4	-1.13
2	40.4	-1.094
2	40.4	-1.05
2	40.4	-1.025
2	40.4	-1.101
2	40.4	-1.157
2	40.4	-1.089
2	40.4	-1.091
2	40.4	-1.03
2	40.5	-1.06
2	40.5	-1.235
2	40.5	-1.162
2	40.5	-1.05
2	40.5	-1.055
2	40.5	-1.147
2	40.5	-1.25
2	40.5	-1.104
2	40.5	-1.067
2	40.5	-1.155
2	40.5	-1.152
2	40.6	-1.196
2	40.6	-1.128
2	40.6	-1.133
2	40.6	-1.096
2	40.6	-1.167
2	40.6	-1.101
2	40.6	-1.091
2	40.6	-1.147
2	40.6	-1.067
2	40.6	-1.094
2	40.7	-1.191
2	40.7	-1.096
2	40.7	-1.125
2	40.7	-1.14
2	40.7	-1.201
2	40.7	-1.206
2	40.7	-1.135
2	40.7	-1.03
2	40.7	-1.082
2	40.7	-1.069
2	40.7	-1.123
2	40.7	-1.108
2	40.8	-1.05
2	40.8	-1.023
2	40.8	-1.235
2	40.8	-1.16
2	40.8	-1.028
2	40.8	-1.045
2	40.8	-1.13
2	40.8	-1.143
2	40.8	-1.116
2	40.8	-1.042
2	40.8	-1.201
2	40.9	-1.328
2	40.9	-1.174
2	40.9	-1.304
2	40.9	-1.138
2	40.9	-1.05
2	40.9	-1.15
2	40.9	-1.221
2	40.9	-1.16
2	40.9	-1.038
2	40.9	-1.028
2	40.9	-1.06
2	41	-1.301
2	41	-1.025
2	41	-1.03
2	41	-1.069
2	41	-1.108
2	41	-1.113
2	41	-1.055
2	41	-1.03
2	41	-1.064
2	41	-1.243
2	41.1	-1.162
2	41.1	-1.086
2	41.1	-1.04
2	41.1	-1.147
2	41.1	-1.162
2	41.1	-1.208
2	41.1	-1.042
2	41.1	-1.072
2	41.1	-1.182
2	41.1	-1.145
2	41.1	-1.047
2	41.2	-1.062
2	41.2	-1.106
2	41.2	-1.038
2	41.2	-1.128
2	41.2	-1.16
2	41.2	-1.133
2	41.2	-1.033
2	41.2	-1.13
2	41.2	-1.177
2	41.2	-1.262
2	41.2	-1.028
2	41.3	-1.03
2	41.3	-1.069
2	41.3	-1.084
2	41.3	-1.162
2	41.3	-1.084
2	41.3	-1.052
2	41.3	-1.05
2	41.3	-1.143
2	41.3	-1.101
2	41.3	-1.033
2	41.3	-1.094
2	41.4	-1.057
2	41.4	-1.079
2	41.4	-1.038
2	41.4	-1.035
2	41.4	-1.035
2	41.4	-1.035
2	41.4	-1.045
2	41.4	-1.03
2	41.4	-1.079
2	41.4	-1.123
2	41.4	-1.028
2	41.5	-1.069
2	41.5	-1.03
2	41.5	-1.118
2	41.5	-1.135
2	41.5	-1.052
2	41.5	-1.03
2	41.5	-1.077
2	41.5	-1.05
2	41.5	-1.038
2	41.5	-1.028
2	41.6	-1.042
2	41.6	-1.03
2	41.6	-1.086
2	41.6	-1.047
2	41.6	-1.035
2	41.6	-1.05
2	41.6	-1.038
2	41.6	-1.055
2	41.6	-1.05
2	41.6	-1.033
2	41.6	-1.038
2	41.7	-1.074
2	41.7	-1.042
2	41.7	-1.033
2	41.7	-1.047
2	41.7	-1.084
2	41.7	-1.152
2	41.7	-1.082
2	41.7	-1.03
2	41.7	-1.038
2	41.7	-1.038
2	41.7	-1.023
2	41.8	-1.035
2	41.8	-1.116
2	41.8	-1.228
2	41.8	-1.025
2	41.8	-1.038
2	41.8	-1.165
2	41.8	-1.125
2	41.8	-1.15
2	41.8	-1.313
2	41.8	-1.086
2	41.8	-1.082
2	41.8	-1.211
2	41.9	-1.287
2	41.9	-1.172
2	41.9	-1.121
2	41.9	-1.121
2	41.9	-1.26
2	41.9	-1.304
2	41.9	-1.111
2	41.9	-1.104
2	41.9	-1.165
2	41.9	-1.394
2	41.9	-1.26
2	42	-1.143
2	42	-1.187
2	42	-1.25
2	42	-1.155
2	42	-1.216
2	42	-1.287
2	42	-1.055
2	42	-1.14
2	42	-1.182
2	42	-1.35
2	42.1	-1.038
2	42.1	-1.025
2	42.1	-1.064
2	42.1	-1.233
2	42.1	-1.233
2	42.1	-1.113
2	42.1	-1.125
2	42.1	-1.228
2	42.1	-1.511
2	42.1	-1.36
2	42.1	-1.167
2	42.2	-1.045
2	42.2	-1.304
2	42.2	-1.357
2	42.2	-1.218
2	42.2	-1.045
2	42.2	-1.099
2	42.2	-1.35
2	42.2	-1.433
2	42.2	-1.218
2	42.2	-1.047
2	42.2	-1.091
2	42.3	-1.255
2	42.3	-1.482
2	42.3	-1.213
2	42.3	-1.133
2	42.3	-1.199
2	42.3	-1.279
2	42.3	-1.433
2	42.3	-1.357
2	42.3	-1.104
2	42.3	-1.252
2	42.3	-1.602
2	42.4	-1.453
2	42.4	-1.23
2	42.4	-1.174
2	42.4	-1.226
2	42.4	-1.37
2	42.4	-1.277
2	42.4	-1.196
2	42.4	-1.25
2	42.4	-1.309
2	42.4	-1.594
2	42.5	-1.431
2	42.5	-1.318
2	42.5	-1.65
2	42.5	-1.636
2	42.5	-1.35
2	42.5	-1.306
2	42.5	-1.416
2	42.5	-1.465
2	42.5	-1.409
2	42.5	-1.272
2	42.5	-1.541
2	42.6	-1.599
2	42.6	-1.096
2	42.6	-1.321
2	42.6	-1.76
2	42.6	-1.775
2	42.6	-1.409
2	42.6	-1.187
2	42.6	-1.514
2	42.6	-1.782
2	42.6	-1.433
2	42.6	-1.223
2	42.7	-1.448
2	42.7	-1.375
2	42.7	-1.528
2	42.7	-1.357
2	42.7	-1.216
2	42.7	-1.245
2	42.7	-1.304
2	42.7	-1.326
2	42.7	-1.353
2	42.7	-1.265
2	42.7	-1.143
2	42.8	-1.301
2	42.8	-1.631
2	42.8	-1.257
2	42.8	-1.36
2	42.8	-1.252
2	42.8	-1.426
2	42.8	-1.665
2	42.8	-1.335
2	42.8	-1.128
2	42.8	-1.182
2	42.8	-1.416
2	42.9	-1.438
2	42.9	-1.187
2	42.9	-1.062
2	42.9	-1.338
2	42.9	-1.755
2	42.9	-1.387
2	42.9	-1.25
2	42.9	-1.216
2	42.9	-1.467
2	42.9	-1.531
2	43	-1.499
